
 BIRTHLINE :  Z=0.001

 NB    AGE     MASS  LOGL  LOGTE   R     LGRAV   LNUCL  MCORE LOGTB MENV   H2SURF


  1 7.859E+04  0.800 0.889 3.685 3.968   -19.21   26.95 1.000 6.178 1.000 5.626E-02
  2 8.312E+04  0.854 0.914 3.689 4.009   -18.41   26.61 1.000 6.201 1.000 3.403E-02
  3 8.705E+04  0.900 0.929 3.692 4.023   -14.77   23.25 1.000 6.220 1.000 1.519E-02
  4 9.141E+04  0.952 0.943 3.695 4.033   -12.35   21.12 1.000 6.243 1.000 8.394E-03
  5 9.548E+04  1.000 0.950 3.697 4.028   -11.89   20.80 1.000 6.266 1.000 5.491E-03
  6 1.044E+05  1.107 0.964 3.703 3.982   -11.28   20.48 1.000 6.313 1.000 2.549E-03
  7 1.162E+05  1.250 0.975 3.709 3.923   -11.38   20.82 1.000 6.371 1.000 1.623E-03
  8 1.286E+05  1.403 0.992 3.717 3.855   -11.21   21.02 1.000 6.428 1.000 1.226E-03
  9 1.363E+05  1.500 0.993 3.720 3.807   -11.38   21.22 1.000 6.461 1.000 1.111E-03
 10 1.454E+05  1.614 0.995 3.723 3.763   -11.61   21.49 1.000 6.498 1.000 9.985E-04
 11 1.521E+05  1.700 0.998 3.726 3.725   -11.72   21.67 1.000 6.525 1.000 9.209E-04
 12 1.609E+05  1.814 1.003 3.730 3.678   -11.89   21.95 1.000 6.558 1.000 8.600E-04
 13 1.685E+05  1.913 1.002 3.732 3.640   -12.13   22.17 1.000 6.586 1.000 8.544E-04
 14 1.751E+05  2.001 1.003 3.735 3.594   -12.10   22.17 0.000 6.418 0.649 1.733E-03
 15 1.911E+05  2.215 1.026 3.741 3.590   -11.50   22.11 0.000 6.352 0.420 5.509E-03
 16 2.118E+05  2.500 1.078 3.750 3.657    -9.57   21.53 0.000 6.248 0.203 3.218E-02
 17 2.468E+05  3.001 1.287 3.770 4.242     6.88   12.47 0.000 5.984 0.025 9.710E-01
 18 2.814E+05  3.519 2.241 3.933 6.005   166.28    7.67 0.000 5.993 0.000 1.000E+00
 19 3.120E+05  4.000 2.587 4.051 5.195   382.08    3.71 0.000 6.051 0.000 1.000E+00
 20 3.427E+05  4.501 2.832 4.160 4.169   678.67   -0.59 0.000 6.083 0.000 1.000E+00
 21 3.721E+05  5.001 3.015 4.255 3.324   984.45   48.87 0.000 6.037 0.000 1.000E+00
 22 4.010E+05  5.510 3.149 4.336 2.671  1111.81  294.88 0.000 6.107 0.000 1.000E+00
 23 4.281E+05  6.005 3.235 4.393 2.268   327.30 1387.36 0.127 6.236 0.000 1.000E+00
 24 4.544E+05  6.502 3.217 4.404 2.112 -1620.31 3265.38 0.396 6.242 0.000 1.000E+00
 25 4.801E+05  7.002 3.212 4.400 2.139 -1682.74 3308.98 0.409 6.233 0.000 1.000E+00
 26 5.054E+05  7.511 3.310 4.412 2.265 -1646.97 3684.76 0.392 6.226 0.000 1.000E+00
 27 5.292E+05  8.002 3.411 4.425 2.397 -1689.52 4260.70 0.385 6.223 0.000 1.000E+00
