
 STELLAR MODEL :  0.8 M , Z = 0.001

 NB    AGE     LOGL  LOGTE   R   LGRAV  LNUCL  MCORE LOGTB MENV     H2        Li6       LI7

  1 7.859E+04  0.891 3.686 3.959  -4.01  11.79 1.000 6.178 1.000 4.461E-02 1.000E+00 1.000E+00
  2 8.255E+04  0.887 3.686 3.941   5.24   2.47 1.000 6.179 1.000 8.853E-03 1.000E+00 1.000E+00
  3 8.635E+04  0.877 3.686 3.896   7.06   0.47 1.000 6.184 1.000 1.429E-03 1.000E+00 1.000E+00
  4 9.016E+04  0.865 3.686 3.842   7.33  -0.01 1.000 6.190 1.000 0.000E+00 1.000E+00 1.000E+00
  5 1.827E+05  0.680 3.686 3.105   4.78   0.00 1.000 6.281 1.000 0.000E+00 1.000E+00 1.000E+00
  6 3.633E+05  0.494 3.687 2.495   3.12   0.00 1.000 6.375 1.000 0.000E+00 1.000E+00 1.000E+00
  7 6.802E+05  0.307 3.685 2.031   2.02   0.00 1.000 6.463 1.000 0.000E+00 9.979E-01 1.000E+00
  8 1.235E+06  0.120 3.681 1.668   1.32   0.00 0.000 6.480 0.906 0.000E+00 9.386E-01 9.994E-01
  9 2.407E+06  -.072 3.677 1.362   0.84   0.00 0.000 6.476 0.704 0.000E+00 7.200E-01 9.962E-01
 10 5.259E+06  -.259 3.677 1.098   0.55   0.00 0.000 6.443 0.412 0.000E+00 4.629E-01 9.912E-01
 11 8.111E+06  -.290 3.690 0.998   0.51   0.00 0.000 6.403 0.250 0.000E+00 4.229E-01 9.906E-01
 12 1.014E+07  -.284 3.702 0.951   0.52   0.00 0.000 6.371 0.171 0.000E+00 4.173E-01 9.900E-01
 13 1.217E+07  -.259 3.714 0.926   0.55   0.00 0.000 6.335 0.113 0.000E+00 4.163E-01 9.900E-01
 14 1.394E+07  -.221 3.727 0.911   0.60   0.01 0.000 6.305 0.076 0.000E+00 4.161E-01 9.900E-01
 15 1.546E+07  -.188 3.739 0.896   0.64   0.01 0.000 6.264 0.050 0.000E+00 4.161E-01 9.900E-01
 16 1.698E+07  -.155 3.751 0.881   0.69   0.01 0.000 6.217 0.032 0.000E+00 4.161E-01 9.900E-01
 17 1.850E+07  -.123 3.763 0.864   0.74   0.02 0.000 6.183 0.021 0.000E+00 4.161E-01 9.900E-01
 18 2.028E+07  -.096 3.776 0.840   0.76   0.04 0.000 6.221 0.017 0.000E+00 4.161E-01 9.900E-01
 19 2.231E+07  -.083 3.788 0.807   0.65   0.18 0.029 6.265 0.017 0.000E+00 4.161E-01 9.900E-01
 20 2.510E+07  -.136 3.793 0.742   0.25   0.48 0.142 0.000 0.000 0.000E+00 4.161E-01 9.900E-01
 21 2.687E+07  -.194 3.792 0.697   0.16   0.48 0.140 0.000 0.000 0.000E+00 4.161E-01 9.900E-01
 22 2.890E+07  -.247 3.788 0.668   0.07   0.49 0.121 0.000 0.000 0.000E+00 4.161E-01 9.900E-01
 23 3.219E+07  -.286 3.784 0.651   0.01   0.51 0.096 0.000 0.000 0.000E+00 4.161E-01 9.900E-01
 24 3.714E+07  -.298 3.783 0.645  -0.02   0.52 0.067 0.000 0.000 0.000E+00 4.161E-01 9.900E-01


 STELLAR MODEL :  0.9 M , Z = 0.001

 NB    AGE     LOGL  LOGTE   R   LGRAV  LNUCL  MCORE LOGTB MENV     H2        Li6       LI7

  1 8.705E+04  0.928 3.691 4.037   0.38   8.09 1.000 6.220 1.000 9.324E-03 1.000E+00 1.000E+00
  2 8.863E+04  0.925 3.691 4.023   7.16   1.25 1.000 6.221 1.000 1.389E-03 1.000E+00 1.000E+00
  3 9.022E+04  0.921 3.691 4.005   8.34  -0.01 1.000 6.223 1.000 0.000E+00 1.000E+00 1.000E+00
  4 1.777E+05  0.759 3.694 3.278   5.74   0.00 1.000 6.307 1.000 0.000E+00 1.000E+00 1.000E+00
  5 3.298E+05  0.593 3.694 2.708   3.92   0.00 1.000 6.390 1.000 0.000E+00 1.000E+00 1.000E+00
  6 5.960E+05  0.422 3.693 2.234   2.65   0.00 0.000 6.459 0.991 0.000E+00 9.979E-01 1.000E+00
  7 1.065E+06  0.243 3.690 1.844   1.74   0.01 0.000 6.464 0.858 0.000E+00 9.750E-01 1.000E+00
  8 2.016E+06  0.075 3.690 1.519   1.19   0.00 0.000 6.456 0.649 0.000E+00 9.079E-01 9.988E-01
  9 4.392E+06  -.088 3.694 1.237   0.81   0.00 0.000 6.415 0.350 0.000E+00 8.157E-01 9.975E-01
 10 6.547E+06  -.102 3.708 1.141   0.79   0.00 0.000 6.367 0.198 0.000E+00 8.050E-01 9.975E-01
 11 8.195E+06  -.072 3.723 1.102   0.85   0.00 0.000 6.326 0.123 0.000E+00 8.043E-01 9.975E-01
 12 9.589E+06  -.029 3.737 1.086   0.93   0.00 0.000 6.280 0.075 0.000E+00 8.043E-01 9.975E-01
 13 1.092E+07  0.017 3.752 1.068   1.04   0.00 0.000 6.240 0.046 0.000E+00 8.043E-01 9.975E-01
 14 1.225E+07  0.064 3.766 1.057   1.15   0.01 0.000 6.178 0.024 0.000E+00 8.043E-01 9.975E-01
 15 1.358E+07  0.110 3.781 1.040   1.27   0.01 0.000 6.166 0.017 0.000E+00 8.043E-01 9.975E-01
 16 1.529E+07  0.141 3.797 1.002   1.32   0.06 0.000 6.237 0.017 0.000E+00 8.043E-01 9.975E-01
 17 1.643E+07  0.153 3.807 0.970   1.21   0.21 0.000 6.266 0.017 0.000E+00 8.043E-01 9.975E-01
 18 1.719E+07  0.148 3.812 0.942   1.03   0.38 0.009 0.000 0.000 0.000E+00 8.043E-01 9.975E-01
 19 1.776E+07  0.139 3.815 0.920   0.88   0.50 0.006 0.000 0.000 0.000E+00 8.043E-01 9.975E-01
 20 1.833E+07  0.125 3.818 0.893   0.73   0.60 0.005 0.000 0.000 0.000E+00 8.043E-01 9.975E-01
 21 2.328E+07  -.034 3.816 0.750   0.02   0.90 0.051 0.000 0.000 0.000E+00 8.043E-01 9.975E-01
 22 2.695E+07  -.055 3.814 0.739  -0.01   0.89 0.049 0.000 0.000 0.000E+00 8.043E-01 9.975E-01
 23 2.759E+07  -.055 3.814 0.739  -0.01   0.89 0.049 0.000 0.000 0.000E+00 8.043E-01 9.975E-01


 STELLAR MODEL :  1.0 M , Z = 0.001

 NB    AGE     LOGL  LOGTE   R   LGRAV  LNUCL  MCORE LOGTB MENV     H2        Li6       LI7

  1 9.548E+04  0.951 3.698 4.014   5.75   3.17 1.000 6.266 1.000 1.035E-03 1.000E+00 1.000E+00
  2 9.589E+04  0.951 3.698 4.014   8.93   0.00 1.000 6.266 1.000 0.000E+00 1.000E+00 1.000E+00
  3 3.031E+05  0.671 3.699 2.895   4.69  -0.01 1.000 6.406 1.000 0.000E+00 1.000E+00 1.000E+00
  4 8.228E+05  0.396 3.698 2.119   2.48   0.01 0.000 6.446 0.850 0.000E+00 9.936E-01 1.000E+00
  5 2.521E+06  0.124 3.704 1.507   1.33   0.00 0.000 6.424 0.453 0.000E+00 9.493E-01 9.994E-01
  6 4.549E+06  0.068 3.719 1.319   1.16   0.01 0.000 6.368 0.222 0.000E+00 9.379E-01 9.994E-01
  7 6.070E+06  0.098 3.734 1.274   1.25   0.00 0.000 6.309 0.117 0.000E+00 9.379E-01 9.994E-01
  8 7.211E+06  0.153 3.749 1.267   1.42   0.01 0.000 6.243 0.062 0.000E+00 9.379E-01 9.994E-01
  9 8.352E+06  0.216 3.766 1.260   1.64   0.01 0.000 6.161 0.028 0.000E+00 9.379E-01 9.994E-01
 10 9.493E+06  0.279 3.783 1.252   1.90   0.00 0.000 6.109 0.014 0.000E+00 9.379E-01 9.994E-01
 11 1.063E+07  0.318 3.797 1.228   2.06   0.02 0.000 6.189 0.014 0.000E+00 9.379E-01 9.994E-01
 12 1.177E+07  0.348 3.814 1.175   2.15   0.08 0.000 0.000 0.000 0.000E+00 9.379E-01 9.994E-01
 13 1.253E+07  0.359 3.825 1.132   2.03   0.26 0.000 0.000 0.000 0.000E+00 9.379E-01 9.994E-01
 14 1.291E+07  0.359 3.830 1.106   1.88   0.40 0.000 0.000 0.000 0.000E+00 9.379E-01 9.994E-01
 15 1.330E+07  0.356 3.834 1.082   1.71   0.56 0.000 0.000 0.000 0.000E+00 9.379E-01 9.994E-01
 16 1.387E+07  0.343 3.840 1.037   1.42   0.78 0.000 0.000 0.000 0.000E+00 9.379E-01 9.994E-01
 17 1.596E+07  0.255 3.847 0.907   0.49   1.31 0.030 0.000 0.000 0.000E+00 9.379E-01 9.994E-01
 18 1.748E+07  0.200 3.845 0.859   0.16   1.43 0.046 0.000 0.000 0.000E+00 9.379E-01 9.994E-01
 19 1.862E+07  0.177 3.844 0.841   0.06   1.45 0.045 0.000 0.000 0.000E+00 9.379E-01 9.994E-01
 20 1.970E+07  0.167 3.843 0.835   0.02   1.45 0.044 0.000 0.000 0.000E+00 9.379E-01 9.994E-01
 21 2.096E+07  0.163 3.843 0.831   0.00   1.45 0.044 0.000 0.000 0.000E+00 9.379E-01 9.994E-01
 22 2.255E+07  0.162 3.843 0.830   0.00   1.46 0.044 0.000 0.000 0.000E+00 9.379E-01 9.994E-01
 23 2.249E+07  0.162 3.843 0.830   0.00   1.46 0.044 0.000 0.000 0.000E+00 9.379E-01 9.994E-01


 STELLAR MODEL :  1.25 M , Z = 0.001

 NB    AGE     LOGL  LOGTE   R   LGRAV  LNUCL  MCORE LOGTB MENV     H2        Li6       LI7

  1 1.162E+05  0.978 3.710 3.918   9.52  -0.02 1.000 6.371 1.000 0.000E+00 1.000E+00 1.000E+00
  2 4.280E+05  0.706 3.713 2.826   5.07   0.01 0.000 6.411 0.835 0.000E+00 9.993E-01 1.000E+00
  3 1.505E+06  0.435 3.720 2.003   2.71   0.01 0.000 6.379 0.406 0.000E+00 9.971E-01 1.000E+00
  4 2.595E+06  0.404 3.736 1.795   2.52   0.01 0.000 6.313 0.189 0.000E+00 9.971E-01 1.000E+00
  5 3.419E+06  0.459 3.752 1.777   2.87   0.01 0.000 6.232 0.086 0.000E+00 9.971E-01 1.000E+00
  6 4.053E+06  0.534 3.767 1.808   3.41   0.00 0.000 6.138 0.036 0.000E+00 9.971E-01 1.000E+00
  7 4.624E+06  0.617 3.782 1.856   4.14   0.00 0.000 6.010 0.012 0.000E+00 9.971E-01 1.000E+00
  8 5.257E+06  0.676 3.798 1.846   4.75  -0.01 0.000 6.089 0.011 0.000E+00 9.971E-01 1.000E+00
  9 5.764E+06  0.714 3.814 1.791   5.18   0.00 0.000 6.137 0.011 0.000E+00 9.971E-01 1.000E+00
 10 6.208E+06  0.738 3.830 1.711   5.46   0.01 0.000 0.000 0.000 0.000E+00 9.971E-01 1.000E+00
 11 6.588E+06  0.756 3.847 1.615   5.64   0.06 0.000 0.000 0.000 0.000E+00 9.971E-01 1.000E+00
 12 6.905E+06  0.768 3.862 1.528   5.69   0.17 0.000 0.000 0.000 0.000E+00 9.971E-01 1.000E+00
 13 7.159E+06  0.777 3.875 1.454   5.60   0.38 0.000 0.000 0.000 0.000E+00 9.971E-01 1.000E+00
 14 7.349E+06  0.778 3.884 1.397   5.41   0.59 0.000 0.000 0.000 0.000E+00 9.971E-01 1.000E+00
 15 7.539E+06  0.779 3.892 1.348   5.16   0.85 0.000 0.000 0.000 0.000E+00 9.971E-01 1.000E+00
 16 7.792E+06  0.776 3.902 1.283   4.77   1.20 0.000 0.000 0.000 0.000E+00 9.971E-01 1.000E+00
 17 8.299E+06  0.760 3.917 1.175   3.82   1.93 0.000 0.000 0.000 0.000E+00 9.971E-01 1.000E+00
 18 8.553E+06  0.746 3.922 1.130   3.30   2.27 0.000 0.000 0.000 0.000E+00 9.971E-01 1.000E+00
 19 8.743E+06  0.736 3.925 1.102   2.92   2.52 0.000 0.000 0.000 0.000E+00 9.971E-01 1.000E+00
 20 8.933E+06  0.724 3.928 1.072   2.56   2.74 0.000 0.000 0.000 0.000E+00 9.971E-01 1.000E+00
 21 9.123E+06  0.713 3.929 1.054   2.23   2.93 0.000 0.000 0.000 0.000E+00 9.971E-01 1.000E+00
 22 1.489E+07  0.597 3.929 0.922  -0.01   3.96 0.069 0.000 0.000 0.000E+00 9.971E-01 1.000E+00


 STELLAR MODEL :  1.5 M , Z = 0.001

 NB    AGE     LOGL  LOGTE   R   LGRAV  LNUCL  MCORE LOGTB MENV     H2        Li6       LI7

  1 1.363E+05  0.992 3.719 3.820   9.75   0.06 0.000 6.398 0.912 0.000E+00 1.000E+00 1.000E+00
  2 2.353E+05  0.908 3.721 3.436   8.06   0.03 0.000 6.380 0.779 0.000E+00 1.000E+00 1.000E+00
  3 3.763E+05  0.827 3.723 3.102   6.69   0.02 0.000 6.376 0.663 0.000E+00 1.000E+00 1.000E+00
  4 5.791E+05  0.746 3.724 2.813   5.55   0.02 0.000 6.365 0.532 0.000E+00 1.000E+00 1.000E+00
  5 1.053E+06  0.665 3.732 2.470   4.60   0.02 0.000 6.328 0.321 0.000E+00 1.000E+00 1.000E+00
  6 2.080E+06  0.740 3.760 2.367   5.48   0.01 0.000 6.145 0.061 0.000E+00 1.000E+00 1.000E+00
  7 2.411E+06  0.827 3.772 2.475   6.69   0.02 0.000 6.007 0.020 0.000E+00 1.000E+00 1.000E+00
  8 2.742E+06  0.911 3.787 2.545   8.15  -0.01 0.000 5.956 0.009 0.000E+00 1.000E+00 1.000E+00
  9 3.284E+06  0.995 3.814 2.475   9.91  -0.03 0.000 0.000 0.000 0.000E+00 1.000E+00 1.000E+00
 10 3.645E+06  1.036 3.842 2.281  10.89  -0.03 0.000 0.000 0.000 0.000E+00 1.000E+00 1.000E+00
 11 3.916E+06  1.061 3.870 2.064  11.49   0.01 0.000 0.000 0.000 0.000E+00 1.000E+00 1.000E+00
 12 4.228E+06  1.084 3.901 1.837  12.04   0.09 0.000 0.000 0.000 0.000E+00 1.000E+00 1.000E+00
 13 4.475E+06  1.098 3.924 1.679  12.11   0.41 0.000 0.000 0.000 0.000E+00 1.000E+00 1.000E+00
 14 4.599E+06  1.103 3.934 1.613  11.94   0.73 0.000 0.000 0.000 0.000E+00 1.000E+00 1.000E+00
 15 4.722E+06  1.106 3.944 1.546  11.65   1.11 0.000 0.000 0.000 0.000E+00 1.000E+00 1.000E+00
 16 4.846E+06  1.107 3.953 1.485  11.24   1.54 0.000 0.000 0.000 0.000E+00 1.000E+00 1.000E+00
 17 5.175E+06  1.101 3.974 1.339   9.79   2.82 0.000 0.000 0.000 0.000E+00 1.000E+00 1.000E+00
 18 5.340E+06  1.093 3.981 1.284   8.86   3.52 0.000 0.000 0.000 0.000E+00 1.000E+00 1.000E+00
 19 5.423E+06  1.088 3.985 1.254   8.39   3.85 0.000 0.000 0.000 0.000E+00 1.000E+00 1.000E+00
 20 5.505E+06  1.083 3.988 1.229   7.92   4.18 0.000 0.000 0.000 0.000E+00 1.000E+00 1.000E+00
 21 5.587E+06  1.077 3.991 1.204   7.44   4.49 0.000 0.000 0.000 0.000E+00 1.000E+00 1.000E+00
 22 5.711E+06  1.069 3.994 1.177   6.76   4.96 0.000 0.000 0.000 0.000E+00 1.000E+00 1.000E+00
 23 6.912E+06  0.985 4.007 1.006   1.48   8.17 0.074 0.000 0.000 0.000E+00 1.000E+00 1.000E+00
 24 9.384E+06  0.929 4.002 0.965  -0.04   8.53 0.107 0.000 0.000 0.000E+00 1.000E+00 1.000E+00


 STELLAR MODEL :  1.7 M , Z = 0.001

 NB    AGE     LOGL  LOGTE   R   LGRAV  LNUCL  MCORE LOGTB MENV     H2        Li6       LI7

  1 1.521E+05  0.995 3.726 3.712   9.71   0.17 0.000 6.405 0.797 0.000E+00 9.986E-01 1.000E+00
  2 2.709E+05  0.934 3.728 3.428   8.54   0.05 0.000 6.358 0.596 0.000E+00 9.986E-01 1.000E+00
  3 4.721E+05  0.871 3.733 3.116   7.40   0.03 0.000 6.330 0.431 0.000E+00 9.986E-01 1.000E+00
  4 1.326E+06  0.895 3.759 2.842   7.80   0.05 0.000 6.132 0.070 0.000E+00 9.986E-01 1.000E+00
  5 1.512E+06  0.963 3.767 2.962   9.13   0.05 0.000 6.013 0.029 0.000E+00 9.986E-01 1.000E+00
  6 1.656E+06  1.027 3.774 3.087  10.63   0.01 0.000 5.892 0.011 0.000E+00 9.986E-01 1.000E+00
  7 1.841E+06  1.091 3.786 3.145  12.35  -0.03 0.000 5.938 0.009 0.000E+00 9.986E-01 1.000E+00
  8 2.085E+06  1.151 3.802 3.130  14.19  -0.05 0.000 0.000 0.000 0.000E+00 9.986E-01 1.000E+00
  9 2.356E+06  1.205 3.831 2.915  16.07  -0.05 0.000 0.000 0.000 0.000E+00 9.986E-01 1.000E+00
 10 2.537E+06  1.236 3.858 2.668  17.25  -0.04 0.000 0.000 0.000 0.000E+00 9.986E-01 1.000E+00
 11 2.717E+06  1.261 3.885 2.425  18.27  -0.05 0.000 0.000 0.000 0.000E+00 9.986E-01 1.000E+00
 12 2.898E+06  1.284 3.912 2.199  19.21   0.01 0.000 0.000 0.000 0.000E+00 9.986E-01 1.000E+00
 13 3.109E+06  1.304 3.941 1.969  19.98   0.15 0.000 0.000 0.000 0.000E+00 9.986E-01 1.000E+00
 14 3.259E+06  1.316 3.961 1.820  20.09   0.60 0.000 0.000 0.000 0.000E+00 9.986E-01 1.000E+00
 15 3.349E+06  1.320 3.972 1.738  19.85   1.02 0.000 0.000 0.000 0.000E+00 9.986E-01 1.000E+00
 16 3.440E+06  1.324 3.982 1.668  19.48   1.59 0.000 0.000 0.000 0.000E+00 9.986E-01 1.000E+00
 17 3.560E+06  1.326 3.994 1.582  18.76   2.40 0.000 0.000 0.000 0.000E+00 9.986E-01 1.000E+00
 18 3.801E+06  1.319 4.015 1.425  16.60   4.23 0.000 0.000 0.000 0.000E+00 9.986E-01 1.000E+00
 19 3.891E+06  1.315 4.021 1.379  15.64   5.00 0.000 0.000 0.000 0.000E+00 9.986E-01 1.000E+00
 20 3.982E+06  1.309 4.027 1.333  14.64   5.71 0.000 0.000 0.000 0.000E+00 9.986E-01 1.000E+00
 21 4.072E+06  1.303 4.032 1.293  13.64   6.44 0.000 0.000 0.000 0.000E+00 9.986E-01 1.000E+00
 22 4.801E+06  1.242 4.053 1.095   5.44  12.01 0.056 0.000 0.000 0.000E+00 9.986E-01 1.000E+00
 23 5.466E+06  1.182 4.053 1.021   0.69  14.50 0.127 0.000 0.000 0.000E+00 9.986E-01 1.000E+00
 24 6.464E+06  1.147 4.048 1.004  -0.19  14.21 0.135 0.000 0.000 0.000E+00 9.986E-01 1.000E+00


 STELLAR MODEL :  2.0 M , Z = 0.001

 NB    AGE     LOGL  LOGTE   R   LGRAV  LNUCL  MCORE LOGTB MENV     H2        Li6       LI7

  1 1.751E+05  1.002 3.735 3.590   9.59   0.45 0.000 6.399 0.611 0.000E+00 9.600E-01 9.994E-01
  2 6.276E+05  1.065 3.754 3.537  11.52   0.09 0.000 6.151 0.109 0.000E+00 9.600E-01 9.994E-01
  3 7.544E+05  1.130 3.761 3.690  13.40   0.08 0.000 6.035 0.047 0.000E+00 9.600E-01 9.994E-01
  4 8.494E+05  1.204 3.767 3.909  15.89   0.09 0.000 5.918 0.019 0.000E+00 9.600E-01 9.994E-01
  5 9.445E+05  1.268 3.776 4.037  18.52   0.01 0.000 5.867 0.011 0.000E+00 9.600E-01 9.994E-01
  6 1.078E+06  1.334 3.789 4.103  21.60  -0.04 0.000 5.923 0.011 0.000E+00 9.600E-01 9.994E-01
  7 1.249E+06  1.401 3.811 4.005  25.19  -0.03 0.000 0.000 0.000 0.000E+00 9.600E-01 9.994E-01
  8 1.382E+06  1.445 3.840 3.686  27.90  -0.06 0.000 0.000 0.000 0.000E+00 9.600E-01 9.994E-01
  9 1.496E+06  1.479 3.869 3.354  30.15  -0.05 0.000 0.000 0.000 0.000E+00 9.600E-01 9.994E-01
 10 1.610E+06  1.509 3.897 3.052  32.30  -0.04 0.000 0.000 0.000 0.000E+00 9.600E-01 9.994E-01
 11 1.724E+06  1.534 3.925 2.761  34.22  -0.05 0.000 0.000 0.000 0.000E+00 9.600E-01 9.994E-01
 12 1.838E+06  1.555 3.951 2.510  35.87  -0.01 0.000 0.000 0.000 0.000E+00 9.600E-01 9.994E-01
 13 1.971E+06  1.575 3.979 2.258  37.42   0.13 0.000 0.000 0.000 0.000E+00 9.600E-01 9.994E-01
 14 2.085E+06  1.588 4.002 2.061  37.98   0.71 0.000 0.000 0.000 0.000E+00 9.600E-01 9.994E-01
 15 2.161E+06  1.595 4.017 1.939  37.74   1.58 0.000 0.000 0.000 0.000E+00 9.600E-01 9.994E-01
 16 2.218E+06  1.596 4.026 1.863  37.08   2.33 0.000 0.000 0.000 0.000E+00 9.600E-01 9.994E-01
 17 2.298E+06  1.597 4.039 1.757  36.04   3.46 0.000 0.000 0.000 0.000E+00 9.600E-01 9.994E-01
 18 2.453E+06  1.595 4.060 1.591  33.14   6.17 0.000 0.000 0.000 0.000E+00 9.600E-01 9.994E-01
 19 2.519E+06  1.591 4.068 1.526  31.54   7.42 0.000 0.000 0.000 0.000E+00 9.600E-01 9.994E-01
 20 2.564E+06  1.588 4.073 1.487  30.45   8.24 0.000 0.000 0.000 0.000E+00 9.600E-01 9.994E-01
 21 2.608E+06  1.585 4.077 1.454  29.40   9.03 0.000 0.000 0.000 0.000E+00 9.600E-01 9.994E-01
 22 2.877E+06  1.563 4.098 1.287  22.30  14.23 0.000 0.000 0.000 0.000E+00 9.600E-01 9.994E-01
 23 3.432E+06  1.491 4.111 1.116   4.05  26.89 0.141 0.000 0.000 0.000E+00 9.600E-01 9.994E-01
 24 3.907E+06  1.431 4.104 1.076  -0.72  27.67 0.170 0.000 0.000 0.000E+00 9.600E-01 9.994E-01
 25 4.224E+06  1.419 4.102 1.071  -0.68  26.90 0.169 0.000 0.000 0.000E+00 9.600E-01 9.994E-01


 STELLAR MODEL :  2.5 M , Z = 0.001

 NB    AGE     LOGL  LOGTE   R   LGRAV  LNUCL  MCORE LOGTB MENV     H2        Li6       LI7

  1 2.118E+05  1.078 3.750 3.657  11.31   0.65 0.000 6.240 0.197 0.000E+00 9.957E-01 1.000E+00
  2 2.650E+05  1.153 3.755 3.896  13.66   0.56 0.000 6.179 0.128 0.000E+00 9.957E-01 1.000E+00
  3 2.967E+05  1.223 3.759 4.145  16.05   0.64 0.000 6.086 0.073 0.000E+00 9.957E-01 1.000E+00
  4 3.221E+05  1.303 3.762 4.483  19.21   0.86 0.000 5.969 0.035 0.000E+00 9.957E-01 1.000E+00
  5 3.411E+05  1.396 3.767 4.876  24.29   0.58 0.000 5.877 0.018 0.000E+00 9.957E-01 1.000E+00
  6 3.601E+05  1.480 3.772 5.249  29.84   0.33 0.000 5.803 0.011 0.000E+00 9.957E-01 1.000E+00
  7 3.918E+05  1.554 3.778 5.560  35.61   0.17 0.000 5.852 0.011 0.000E+00 9.957E-01 1.000E+00
  8 4.488E+05  1.630 3.790 5.742  42.55   0.07 0.000 0.000 0.000 0.000E+00 9.957E-01 1.000E+00
  9 5.312E+05  1.702 3.815 5.560  50.27   0.03 0.000 0.000 0.000 0.000E+00 9.957E-01 1.000E+00
 10 6.326E+05  1.770 3.861 4.865  58.84  -0.01 0.000 0.000 0.000 0.000E+00 9.957E-01 1.000E+00
 11 7.372E+05  1.827 3.910 4.145  67.19  -0.11 0.000 0.000 0.000 0.000E+00 9.957E-01 1.000E+00
 12 8.418E+05  1.874 3.956 3.541  74.94  -0.21 0.000 0.000 0.000 0.000E+00 9.957E-01 1.000E+00
 13 9.495E+05  1.912 4.001 3.007  81.78  -0.21 0.000 0.000 0.000 0.000E+00 9.957E-01 1.000E+00
 14 1.076E+06  1.942 4.047 2.518  86.83   0.57 0.000 0.000 0.000 0.000E+00 9.957E-01 1.000E+00
 15 1.124E+06  1.949 4.063 2.358  87.34   1.48 0.000 0.000 0.000 0.000E+00 9.957E-01 1.000E+00
 16 1.171E+06  1.956 4.078 2.219  86.97   3.29 0.000 0.000 0.000 0.000E+00 9.957E-01 1.000E+00
 17 1.219E+06  1.958 4.092 2.085  85.31   5.37 0.000 0.000 0.000 0.000E+00 9.957E-01 1.000E+00
 18 1.282E+06  1.959 4.108 1.939  82.41   8.48 0.000 0.000 0.000 0.000E+00 9.957E-01 1.000E+00
 19 1.346E+06  1.957 4.123 1.806  78.33  12.14 0.000 0.000 0.000 0.000E+00 9.957E-01 1.000E+00
 20 1.377E+06  1.955 4.129 1.753  76.09  13.96 0.000 0.000 0.000 0.000E+00 9.957E-01 1.000E+00
 21 1.409E+06  1.953 4.135 1.701  74.07  15.57 0.000 0.000 0.000 0.000E+00 9.957E-01 1.000E+00
 22 1.552E+06  1.942 4.159 1.504  63.83  23.57 0.000 0.000 0.000 0.000E+00 9.957E-01 1.000E+00
 23 1.913E+06  1.863 4.180 1.247   5.64  67.23 0.189 0.000 0.000 0.000E+00 9.957E-01 1.000E+00
 24 2.135E+06  1.791 4.170 1.201  -4.13  65.87 0.216 0.000 0.000 0.000E+00 9.957E-01 1.000E+00
 25 2.290E+06  1.775 4.166 1.201  -3.00  62.50 0.210 0.000 0.000 0.000E+00 9.957E-01 1.000E+00


 STELLAR MODEL :  3.0 M , Z = 0.001

 NB    AGE     LOGL  LOGTE   R   LGRAV  LNUCL  MCORE LOGTB MENV     H2        Li6       LI7

  1 2.468E+05  1.297 3.770 4.291   9.59  10.21 0.000 5.966 0.022 9.579E-01 1.000E+00 1.000E+00
  2 2.525E+05  1.481 3.783 4.995  26.36   3.89 0.000 0.000 0.000 9.574E-01 1.000E+00 1.000E+00
  3 2.601E+05  1.661 3.796 5.788  43.68   2.09 0.000 0.000 0.000 9.574E-01 1.000E+00 1.000E+00
  4 2.813E+05  1.836 3.821 6.310  67.50   0.97 0.000 0.000 0.000 9.574E-01 1.000E+00 1.000E+00
  5 3.485E+05  2.006 3.878 5.902 101.10   0.18 0.000 0.000 0.000 9.492E-01 1.000E+00 1.000E+00
  6 4.258E+05  2.093 3.935 5.018 123.80  -0.07 0.000 0.000 0.000 8.416E-01 1.000E+00 1.000E+00
  7 5.082E+05  2.153 3.992 4.136 142.38  -0.33 0.000 0.000 0.000 1.316E-01 1.000E+00 1.000E+00
  8 5.272E+05  2.164 4.004 3.963 146.15  -0.45 0.000 0.000 0.000 2.383E-02 1.000E+00 1.000E+00
  9 5.399E+05  2.171 4.012 3.851 148.47  -0.41 0.000 0.000 0.000 3.337E-03 1.000E+00 1.000E+00
 10 5.526E+05  2.178 4.021 3.725 150.85  -0.39 0.000 0.000 0.000 0.000E+00 1.000E+00 1.000E+00
 11 6.477E+05  2.216 4.077 3.007 164.46  -0.24 0.000 0.000 0.000 0.000E+00 1.000E+00 1.000E+00
 12 7.047E+05  2.232 4.107 2.668 168.20   2.18 0.000 0.000 0.000 0.000E+00 1.000E+00 1.000E+00
 13 7.332E+05  2.237 4.120 2.527 167.93   4.43 0.000 0.000 0.000 0.000E+00 1.000E+00 1.000E+00
 14 7.617E+05  2.242 4.133 2.394 166.60   7.75 0.000 0.000 0.000 0.000E+00 1.000E+00 1.000E+00
 15 7.998E+05  2.243 4.149 2.227 162.57  12.18 0.000 0.000 0.000 0.000E+00 1.000E+00 1.000E+00
 16 8.505E+05  2.244 4.167 2.052 155.45  19.70 0.000 0.000 0.000 0.000E+00 1.000E+00 1.000E+00
 17 8.758E+05  2.243 4.176 1.966 151.43  23.33 0.000 0.000 0.000 0.000E+00 1.000E+00 1.000E+00
 18 9.012E+05  2.241 4.183 1.900 147.46  26.50 0.000 0.000 0.000 0.000E+00 1.000E+00 1.000E+00
 19 9.899E+05  2.234 4.207 1.687 133.13  38.04 0.000 0.000 0.000 0.000E+00 1.000E+00 1.000E+00
 20 1.205E+06  2.168 4.230 1.407  16.37 130.68 0.200 0.000 0.000 0.000E+00 1.000E+00 1.000E+00
 21 1.395E+06  2.070 4.216 1.340  -8.89 126.24 0.241 0.000 0.000 0.000E+00 1.000E+00 1.000E+00
 22 1.415E+06  2.066 4.216 1.334  -8.42 124.69 0.240 0.000 0.000 0.000E+00 1.000E+00 1.000E+00


 STELLAR MODEL :  4.0 M , Z = 0.001

 NB    AGE     LOGL  LOGTE   R   LGRAV  LNUCL  MCORE LOGTB MENV     H2        Li6       LI7

  1 3.120E+05  2.588 4.052 5.177 384.93   1.74 0.000 0.000 0.000 9.816E-01 1.000E+00 1.000E+00
  2 3.617E+05  2.628 4.111 4.131 424.85  -0.88 0.000 0.000 0.000 1.510E-01 1.000E+00 1.000E+00
  3 3.744E+05  2.637 4.125 3.914 433.86  -1.02 0.000 0.000 0.000 1.949E-02 1.000E+00 1.000E+00
  4 3.820E+05  2.642 4.133 3.794 438.52  -0.67 0.000 0.000 0.000 1.993E-03 1.000E+00 1.000E+00
  5 3.870E+05  2.645 4.138 3.720 441.37  -0.48 0.000 0.000 0.000 0.000E+00 1.000E+00 1.000E+00
  6 4.263E+05  2.664 4.176 3.192 455.73   4.87 0.000 0.000 0.000 0.000E+00 1.000E+00 1.000E+00
  7 4.422E+05  2.669 4.190 3.010 454.59  11.34 0.000 0.000 0.000 0.000E+00 1.000E+00 1.000E+00
  8 4.580E+05  2.674 4.203 2.852 451.69  19.64 0.000 0.000 0.000 0.000E+00 1.000E+00 1.000E+00
  9 4.770E+05  2.676 4.218 2.668 443.94  29.56 0.000 0.000 0.000 0.000E+00 1.000E+00 1.000E+00
 10 4.960E+05  2.677 4.231 2.516 432.37  42.23 0.000 0.000 0.000 0.000E+00 1.000E+00 1.000E+00
 11 5.214E+05  2.676 4.247 2.334 416.11  57.39 0.000 0.000 0.000 0.000E+00 1.000E+00 1.000E+00
 12 5.594E+05  2.673 4.267 2.122 396.21  74.03 0.000 0.000 0.000 0.000E+00 1.000E+00 1.000E+00
 13 5.974E+05  2.669 4.285 1.944 359.23 106.70 0.006 0.000 0.000 0.000E+00 1.000E+00 1.000E+00
 14 7.052E+05  2.585 4.299 1.655  -1.86 385.87 0.252 0.000 0.000 0.000E+00 1.000E+00 1.000E+00
 15 7.432E+05  2.535 4.291 1.621 -30.92 373.18 0.274 0.000 0.000 0.000E+00 1.000E+00 1.000E+00
 16 8.003E+05  2.497 4.284 1.602 -26.00 339.59 0.270 0.000 0.000 0.000E+00 1.000E+00 1.000E+00
 17 8.066E+05  2.495 4.284 1.598 -24.50 336.65 0.268 0.000 0.000 0.000E+00 1.000E+00 1.000E+00


 STELLAR MODEL :  5.0 M , Z = 0.001

 NB    AGE     LOGL  LOGTE   R   LGRAV  LNUCL  MCORE LOGTB MENV     H2        Li6       LI7

  1 3.721E+05  3.014 4.257 3.289 980.95  49.99 0.000 0.000 0.000 9.937E-01 1.000E+00 1.000E+00
  2 3.810E+05  3.010 4.267 3.127 958.35  63.14 0.000 0.000 0.000 9.539E-01 1.000E+00 1.000E+00
  3 3.905E+05  3.007 4.277 2.976 935.31  79.15 0.000 0.000 0.000 8.782E-01 1.000E+00 1.000E+00
  4 4.019E+05  3.004 4.289 2.806 905.31 102.17 0.000 0.000 0.000 7.168E-01 1.000E+00 1.000E+00
  5 4.187E+05  2.999 4.304 2.604 871.88 124.07 0.000 0.000 0.000 3.555E-01 1.000E+00 1.000E+00
  6 4.364E+05  2.995 4.319 2.419 843.44 143.38 0.000 0.000 0.000 5.684E-02 1.000E+00 1.000E+00
  7 4.453E+05  2.994 4.326 2.340 823.50 161.05 0.000 0.000 0.000 1.009E-02 1.000E+00 1.000E+00
  8 4.520E+05  2.993 4.331 2.284 802.04 180.25 0.000 0.000 0.000 1.598E-03 1.000E+00 1.000E+00
  9 4.583E+05  2.992 4.335 2.239 772.43 207.60 0.009 0.000 0.000 0.000E+00 1.000E+00 1.000E+00
 10 5.058E+05  2.951 4.352 1.975 142.69 749.08 0.214 0.000 0.000 0.000E+00 1.000E+00 1.000E+00
 11 5.438E+05  2.869 4.343 1.874 -65.34 803.70 0.290 0.000 0.000 0.000E+00 1.000E+00 1.000E+00
 12 5.724E+05  2.829 4.336 1.848 -66.76 740.18 0.292 0.000 0.000 0.000E+00 1.000E+00 1.000E+00
 13 5.850E+05  2.821 4.334 1.848 -56.58 717.71 0.289 0.000 0.000 0.000E+00 1.000E+00 1.000E+00
