Models of pre main sequence, Bernasconi 1996 (0.020)

  12  51
 
    7.00

 1 0.7003000E+05   0.7003 0.692 3.622 0.679993 0.300000 0.003473 0.000056 0.001030 0.010021 0.000007 0.000023 0.001692 0.000136
 2 0.7874000E+05   0.7960 0.724 3.631 0.679996 0.300000 0.003473 0.000056 0.001030 0.010021 0.000007 0.000023 0.001692 0.000136
 3 0.7900089E+05   0.7985 0.728 3.631 0.679996 0.300000 0.003473 0.000056 0.001030 0.010021 0.000007 0.000023 0.001692 0.000136
 4 0.9584945E+05   0.9851 0.807 3.645 0.679996 0.300000 0.003473 0.000056 0.001030 0.010021 0.000007 0.000023 0.001692 0.000136
 5 0.1125199E+06   1.1736 0.841 3.657 0.679996 0.300000 0.003473 0.000056 0.001030 0.010021 0.000007 0.000023 0.001692 0.000136
 6 0.1293004E+06   1.3677 0.868 3.668 0.679996 0.300000 0.003473 0.000056 0.001030 0.010021 0.000007 0.000023 0.001692 0.000136
 7 0.1467605E+06   1.5740 0.882 3.676 0.679996 0.300000 0.003473 0.000056 0.001030 0.010021 0.000007 0.000023 0.001692 0.000136
 8 0.1632319E+06   1.7736 0.889 3.683 0.679995 0.300000 0.003473 0.000056 0.001030 0.010021 0.000007 0.000023 0.001692 0.000136
 9 0.1797098E+06   1.9781 0.903 3.692 0.679995 0.300000 0.003473 0.000056 0.001030 0.010021 0.000007 0.000023 0.001692 0.000136
10 0.1964094E+06   2.1899 0.909 3.699 0.679995 0.300000 0.003473 0.000056 0.001030 0.010021 0.000007 0.000023 0.001692 0.000136
11 0.2136794E+06   2.4145 0.916 3.705 0.679995 0.300000 0.003473 0.000056 0.001030 0.010021 0.000007 0.000023 0.001692 0.000136
12 0.2306385E+06   2.6408 0.928 3.712 0.679994 0.300000 0.003473 0.000056 0.001030 0.010021 0.000007 0.000023 0.001692 0.000136
13 0.2471163E+06   2.8654 0.945 3.718 0.679991 0.300000 0.003473 0.000056 0.001030 0.010021 0.000007 0.000023 0.001692 0.000136
14 0.2637088E+06   3.0972 0.973 3.725 0.679991 0.300000 0.003473 0.000056 0.001030 0.010021 0.000007 0.000023 0.001692 0.000136
15 0.2808203E+06   3.3420 1.008 3.732 0.679984 0.300000 0.003473 0.000056 0.001030 0.010021 0.000007 0.000023 0.001692 0.000136
16 0.2979319E+06   3.5922 1.062 3.741 0.679980 0.300000 0.003473 0.000056 0.001030 0.010021 0.000007 0.000023 0.001692 0.000136
17 0.2993579E+06   3.6133 1.069 3.742 0.679982 0.300000 0.003473 0.000056 0.001030 0.010021 0.000007 0.000023 0.001692 0.000136
18 0.3162326E+06   3.8666 1.124 3.749 0.679996 0.300000 0.003473 0.000056 0.001030 0.010021 0.000007 0.000023 0.001692 0.000136
19 0.3245507E+06   3.9937 1.227 3.759 0.680000 0.300000 0.003473 0.000056 0.001030 0.010021 0.000007 0.000023 0.001692 0.000136
20 0.3335818E+06   4.1332 1.324 3.767 0.680000 0.300000 0.003473 0.000056 0.001030 0.010021 0.000007 0.000023 0.001692 0.000136
21 0.3351662E+06   4.1578 1.424 3.777 0.680000 0.300000 0.003473 0.000056 0.001030 0.010021 0.000007 0.000023 0.001692 0.000136
22 0.3367506E+06   4.1825 1.587 3.795 0.680000 0.300000 0.003473 0.000056 0.001030 0.010021 0.000007 0.000023 0.001692 0.000136
23 0.3383350E+06   4.2072 1.698 3.811 0.680000 0.300000 0.003473 0.000056 0.001030 0.010021 0.000007 0.000023 0.001692 0.000136
24 0.3407116E+06   4.2444 1.816 3.832 0.680000 0.300000 0.003473 0.000056 0.001030 0.010021 0.000007 0.000023 0.001692 0.000136
25 0.3440388E+06   4.2967 1.931 3.855 0.680000 0.300000 0.003473 0.000056 0.001030 0.010021 0.000007 0.000023 0.001692 0.000136
26 0.3473661E+06   4.3492 2.035 3.877 0.680000 0.300000 0.003473 0.000056 0.001030 0.010021 0.000007 0.000023 0.001692 0.000136
27 0.3506933E+06   4.4019 2.132 3.898 0.680000 0.300000 0.003473 0.000056 0.001030 0.010021 0.000007 0.000023 0.001692 0.000136
28 0.3540206E+06   4.4549 2.224 3.918 0.680000 0.300000 0.003473 0.000056 0.001030 0.010021 0.000007 0.000023 0.001692 0.000136
29 0.3584569E+06   4.5259 2.316 3.938 0.680000 0.300000 0.003473 0.000056 0.001030 0.010021 0.000007 0.000023 0.001692 0.000136
30 0.3635270E+06   4.6075 2.411 3.961 0.680000 0.300000 0.003473 0.000056 0.001030 0.010021 0.000007 0.000023 0.001692 0.000136
31 0.3692309E+06   4.7000 2.512 3.986 0.680000 0.300000 0.003473 0.000056 0.001030 0.010021 0.000007 0.000023 0.001692 0.000136
32 0.3749347E+06   4.7932 2.603 4.010 0.679999 0.300000 0.003473 0.000056 0.001030 0.010021 0.000007 0.000023 0.001692 0.000136
33 0.3820646E+06   4.9108 2.706 4.039 0.679999 0.300000 0.003473 0.000056 0.001030 0.010021 0.000007 0.000023 0.001692 0.000136
34 0.3902084E+06   5.0461 2.816 4.073 0.679999 0.300000 0.003473 0.000056 0.001030 0.010021 0.000007 0.000023 0.001692 0.000136
35 0.3981304E+06   5.1791 2.912 4.106 0.679999 0.300000 0.003473 0.000056 0.001030 0.010021 0.000007 0.000023 0.001692 0.000136
36 0.4060524E+06   5.3135 2.999 4.139 0.679998 0.300000 0.003473 0.000056 0.001030 0.010021 0.000007 0.000023 0.001692 0.000136
37 0.4139745E+06   5.4494 3.078 4.172 0.679998 0.300000 0.003473 0.000056 0.001030 0.010021 0.000007 0.000023 0.001692 0.000136
38 0.4218965E+06   5.5866 3.149 4.205 0.679999 0.300000 0.003473 0.000056 0.001030 0.010021 0.000007 0.000023 0.001692 0.000136
39 0.4298185E+06   5.7252 3.206 4.236 0.679998 0.300000 0.003473 0.000056 0.001030 0.010021 0.000007 0.000023 0.001692 0.000136
40 0.4393249E+06   5.8932 3.245 4.267 0.679999 0.300000 0.003473 0.000056 0.001030 0.010021 0.000007 0.000023 0.001692 0.000136
41 0.4558027E+06   6.1891 3.185 4.280 0.679999 0.300000 0.003473 0.000056 0.001030 0.010021 0.000007 0.000023 0.001692 0.000136
42 0.4722805E+06   6.4913 3.117 4.276 0.679998 0.300000 0.003473 0.000056 0.001030 0.010021 0.000007 0.000023 0.001692 0.000136
43 0.4887583E+06   6.7995 3.180 4.293 0.679998 0.300000 0.003473 0.000056 0.001030 0.010021 0.000007 0.000023 0.001692 0.000136
44 0.5025427E+06   7.0012 3.272 4.318 0.680000 0.300000 0.003473 0.000056 0.001030 0.010020 0.000007 0.000023 0.001692 0.000136
45 0.5209218E+06   7.0012 3.310 4.332 0.680000 0.300000 0.003473 0.000056 0.001030 0.010020 0.000007 0.000023 0.001692 0.000136
46 0.5418359E+06   7.0012 3.291 4.332 0.680000 0.300000 0.003473 0.000056 0.001030 0.010020 0.000007 0.000023 0.001692 0.000136
47 0.5608488E+06   7.0012 3.275 4.330 0.680000 0.300000 0.003473 0.000056 0.001030 0.010020 0.000007 0.000023 0.001692 0.000136
48 0.5798616E+06   7.0012 3.271 4.329 0.680000 0.300000 0.003473 0.000056 0.001030 0.010020 0.000007 0.000023 0.001692 0.000136
49 0.6036277E+06   7.0012 3.270 4.329 0.680000 0.300000 0.003473 0.000056 0.001030 0.010020 0.000007 0.000023 0.001692 0.000136
50 0.6273937E+06   7.0012 3.270 4.329 0.680000 0.300000 0.003473 0.000056 0.001030 0.010020 0.000007 0.000023 0.001692 0.000136
51 0.6353158E+06   7.0012 3.270 4.329 0.680000 0.300000 0.003473 0.000056 0.001030 0.010020 0.000007 0.000023 0.001692 0.000136

    5.00

 1 0.7003000E+05   0.7003 0.692 3.622 0.679993 0.300000 0.003473 0.000056 0.001030 0.010021 0.000007 0.000023 0.001692 0.000136
 2 0.7874000E+05   0.7960 0.724 3.631 0.679996 0.300000 0.003473 0.000056 0.001030 0.010021 0.000007 0.000023 0.001692 0.000136
 3 0.7900089E+05   0.7985 0.728 3.631 0.679996 0.300000 0.003473 0.000056 0.001030 0.010021 0.000007 0.000023 0.001692 0.000136
 4 0.9952780E+05   1.0263 0.816 3.648 0.679996 0.300000 0.003473 0.000056 0.001030 0.010021 0.000007 0.000023 0.001692 0.000136
 5 0.1201108E+06   1.2609 0.856 3.662 0.679996 0.300000 0.003473 0.000056 0.001030 0.010021 0.000007 0.000023 0.001692 0.000136
 6 0.1405655E+06   1.5002 0.875 3.673 0.679995 0.300000 0.003473 0.000056 0.001030 0.010021 0.000007 0.000023 0.001692 0.000136
 7 0.1618060E+06   1.7561 0.890 3.683 0.679995 0.300000 0.003473 0.000056 0.001030 0.010021 0.000007 0.000023 0.001692 0.000136
 8 0.1821497E+06   2.0087 0.904 3.693 0.679995 0.300000 0.003473 0.000056 0.001030 0.010021 0.000007 0.000023 0.001692 0.000136
 9 0.2027470E+06   2.2716 0.913 3.701 0.679995 0.300000 0.003473 0.000056 0.001030 0.010021 0.000007 0.000023 0.001692 0.000136
10 0.2243008E+06   2.5556 0.921 3.709 0.679994 0.300000 0.003473 0.000056 0.001030 0.010021 0.000007 0.000023 0.001692 0.000136
11 0.2445812E+06   2.8305 0.942 3.717 0.679992 0.300000 0.003473 0.000056 0.001030 0.010021 0.000007 0.000023 0.001692 0.000136
12 0.2651347E+06   3.1174 0.975 3.726 0.679991 0.300000 0.003473 0.000056 0.001030 0.010021 0.000007 0.000023 0.001692 0.000136
13 0.2858112E+06   3.4143 1.021 3.734 0.679983 0.300000 0.003473 0.000056 0.001030 0.010021 0.000007 0.000023 0.001692 0.000136
14 0.2972189E+06   3.5816 1.060 3.741 0.679980 0.300000 0.003473 0.000056 0.001030 0.010021 0.000007 0.000023 0.001692 0.000136
15 0.2993579E+06   3.6133 1.069 3.742 0.679982 0.300000 0.003473 0.000056 0.001030 0.010021 0.000007 0.000023 0.001692 0.000136
16 0.3198371E+06   3.9215 1.157 3.752 0.679999 0.300000 0.003473 0.000056 0.001030 0.010021 0.000007 0.000023 0.001692 0.000136
17 0.3274026E+06   4.0376 1.248 3.761 0.680000 0.300000 0.003473 0.000056 0.001030 0.010021 0.000007 0.000023 0.001692 0.000136
18 0.3343740E+06   4.1455 1.374 3.772 0.680000 0.300000 0.003473 0.000056 0.001030 0.010021 0.000007 0.000023 0.001692 0.000136
19 0.3359584E+06   4.1702 1.512 3.786 0.680000 0.300000 0.003473 0.000056 0.001030 0.010021 0.000007 0.000023 0.001692 0.000136
20 0.3375428E+06   4.1949 1.650 3.803 0.680000 0.300000 0.003473 0.000056 0.001030 0.010021 0.000007 0.000023 0.001692 0.000136
21 0.3391272E+06   4.2196 1.743 3.818 0.680000 0.300000 0.003473 0.000056 0.001030 0.010021 0.000007 0.000023 0.001692 0.000136
22 0.3418207E+06   4.2618 1.855 3.840 0.680000 0.300000 0.003473 0.000056 0.001030 0.010021 0.000007 0.000023 0.001692 0.000136
23 0.3451479E+06   4.3141 1.969 3.863 0.680000 0.300000 0.003473 0.000056 0.001030 0.010021 0.000007 0.000023 0.001692 0.000136
24 0.3484752E+06   4.3667 2.068 3.884 0.680000 0.300000 0.003473 0.000056 0.001030 0.010021 0.000007 0.000023 0.001692 0.000136
25 0.3518024E+06   4.4195 2.165 3.905 0.680000 0.300000 0.003473 0.000056 0.001030 0.010021 0.000007 0.000023 0.001692 0.000136
26 0.3562388E+06   4.4903 2.267 3.927 0.680000 0.300000 0.003473 0.000056 0.001030 0.010021 0.000007 0.000023 0.001692 0.000136
27 0.3621011E+06   4.5845 2.385 3.954 0.680000 0.300000 0.003473 0.000056 0.001030 0.010021 0.000007 0.000023 0.001692 0.000136
28 0.3678049E+06   4.6768 2.486 3.979 0.680000 0.300000 0.003473 0.000056 0.001030 0.010021 0.000007 0.000023 0.001692 0.000136
29 0.3735088E+06   4.7699 2.581 4.004 0.679999 0.300000 0.003473 0.000056 0.001030 0.010021 0.000007 0.000023 0.001692 0.000136
30 0.3806386E+06   4.8872 2.686 4.033 0.679999 0.300000 0.003473 0.000056 0.001030 0.010021 0.000007 0.000023 0.001692 0.000136
31 0.3875149E+06   5.0012 2.781 4.062 0.679999 0.300000 0.003473 0.000056 0.001030 0.010021 0.000007 0.000023 0.001692 0.000136
32 0.4028836E+06   5.0006 2.838 4.089 0.680000 0.300000 0.003473 0.000056 0.001030 0.010020 0.000007 0.000023 0.001692 0.000136
33 0.4199952E+06   5.0006 2.885 4.118 0.680000 0.300000 0.003473 0.000056 0.001030 0.010020 0.000007 0.000023 0.001692 0.000136
34 0.4367899E+06   5.0006 2.923 4.147 0.680000 0.300000 0.003473 0.000056 0.001030 0.010020 0.000007 0.000023 0.001692 0.000136
35 0.4551690E+06   5.0006 2.953 4.176 0.680000 0.300000 0.003473 0.000056 0.001030 0.010020 0.000007 0.000023 0.001692 0.000136
36 0.4741818E+06   5.0006 2.967 4.203 0.680000 0.300000 0.003473 0.000056 0.001030 0.010020 0.000007 0.000023 0.001692 0.000136
37 0.4963635E+06   5.0006 2.932 4.218 0.680000 0.300000 0.003473 0.000056 0.001030 0.010020 0.000007 0.000023 0.001692 0.000136
38 0.5185452E+06   5.0006 2.843 4.213 0.680000 0.300000 0.003473 0.000056 0.001030 0.010020 0.000007 0.000023 0.001692 0.000136
39 0.5407268E+06   5.0006 2.769 4.205 0.680000 0.300000 0.003473 0.000056 0.001030 0.010020 0.000007 0.000023 0.001692 0.000136
40 0.5629085E+06   5.0006 2.747 4.204 0.680000 0.300000 0.003473 0.000056 0.001030 0.010020 0.000007 0.000023 0.001692 0.000136
41 0.5850901E+06   5.0006 2.765 4.211 0.680000 0.300000 0.003473 0.000056 0.001030 0.010020 0.000007 0.000023 0.001692 0.000136
42 0.6072718E+06   5.0006 2.800 4.223 0.680000 0.300000 0.003473 0.000056 0.001030 0.010020 0.000007 0.000023 0.001692 0.000136
43 0.6294535E+06   5.0006 2.837 4.239 0.680000 0.300000 0.003473 0.000056 0.001030 0.010020 0.000007 0.000023 0.001692 0.000136
44 0.6532195E+06   5.0006 2.847 4.249 0.680000 0.300000 0.003473 0.000056 0.001030 0.010020 0.000007 0.000023 0.001692 0.000136
45 0.6769856E+06   5.0006 2.824 4.251 0.680000 0.300000 0.003473 0.000056 0.001030 0.010020 0.000007 0.000023 0.001692 0.000136
46 0.7023361E+06   5.0006 2.791 4.247 0.680000 0.300000 0.003473 0.000056 0.001030 0.010020 0.000007 0.000023 0.001692 0.000136
47 0.7371930E+06   5.0006 2.768 4.244 0.680000 0.300000 0.003473 0.000056 0.001030 0.010020 0.000007 0.000023 0.001692 0.000136
48 0.7688810E+06   5.0006 2.762 4.243 0.680000 0.300000 0.003473 0.000056 0.001030 0.010020 0.000007 0.000023 0.001692 0.000136
49 0.8005691E+06   5.0006 2.761 4.243 0.680000 0.300000 0.003473 0.000056 0.001030 0.010020 0.000007 0.000023 0.001692 0.000136
50 0.8164132E+06   5.0006 2.761 4.243 0.680000 0.300000 0.003473 0.000056 0.001030 0.010020 0.000007 0.000023 0.001692 0.000136
51 0.8322572E+06   5.0006 2.762 4.243 0.680000 0.300000 0.003473 0.000056 0.001030 0.010020 0.000007 0.000023 0.001692 0.000136

    4.00

 1 0.7003000E+05   0.7003 0.692 3.622 0.679993 0.300000 0.003473 0.000056 0.001030 0.010021 0.000007 0.000023 0.001692 0.000136
 2 0.7874000E+05   0.7960 0.724 3.631 0.679996 0.300000 0.003473 0.000056 0.001030 0.010021 0.000007 0.000023 0.001692 0.000136
 3 0.7900089E+05   0.7985 0.728 3.631 0.679996 0.300000 0.003473 0.000056 0.001030 0.010021 0.000007 0.000023 0.001692 0.000136
 4 0.1001616E+06   1.0335 0.819 3.649 0.679996 0.300000 0.003473 0.000056 0.001030 0.010021 0.000007 0.000023 0.001692 0.000136
 5 0.1293004E+06   1.3677 0.868 3.668 0.679996 0.300000 0.003473 0.000056 0.001030 0.010021 0.000007 0.000023 0.001692 0.000136
 6 0.1703618E+06   1.8615 0.897 3.687 0.679995 0.300000 0.003473 0.000056 0.001030 0.010021 0.000007 0.000023 0.001692 0.000136
 7 0.2125703E+06   2.3999 0.916 3.705 0.679995 0.300000 0.003473 0.000056 0.001030 0.010021 0.000007 0.000023 0.001692 0.000136
 8 0.2598270E+06   3.0425 0.968 3.724 0.679991 0.300000 0.003473 0.000056 0.001030 0.010021 0.000007 0.000023 0.001692 0.000136
 9 0.2972189E+06   3.5816 1.060 3.741 0.679980 0.300000 0.003473 0.000056 0.001030 0.010021 0.000007 0.000023 0.001692 0.000136
10 0.2993280E+06   3.6133 1.069 3.742 0.679982 0.300000 0.003473 0.000056 0.001030 0.010021 0.000007 0.000023 0.001692 0.000136
11 0.2993579E+06   3.6133 1.069 3.742 0.679982 0.300000 0.003473 0.000056 0.001030 0.010021 0.000007 0.000023 0.001692 0.000136
12 0.3202530E+06   3.9278 1.160 3.752 0.680000 0.300000 0.003473 0.000056 0.001030 0.010021 0.000007 0.000023 0.001692 0.000136
13 0.3278779E+06   4.0010 1.252 3.760 0.680000 0.300000 0.003473 0.000056 0.001030 0.010020 0.000007 0.000023 0.001692 0.000136
14 0.3340571E+06   4.0010 1.346 3.767 0.680000 0.300000 0.003473 0.000056 0.001030 0.010020 0.000007 0.000023 0.001692 0.000136
15 0.3369090E+06   4.0010 1.440 3.775 0.680000 0.300000 0.003473 0.000056 0.001030 0.010020 0.000007 0.000023 0.001692 0.000136
16 0.3397610E+06   4.0010 1.554 3.786 0.680000 0.300000 0.003473 0.000056 0.001030 0.010020 0.000007 0.000023 0.001692 0.000136
17 0.3426129E+06   4.0010 1.650 3.796 0.680000 0.300000 0.003473 0.000056 0.001030 0.010020 0.000007 0.000023 0.001692 0.000136
18 0.3473661E+06   4.0010 1.749 3.808 0.680000 0.300000 0.003473 0.000056 0.001030 0.010020 0.000007 0.000023 0.001692 0.000136
19 0.3530700E+06   4.0010 1.840 3.823 0.680000 0.300000 0.003473 0.000056 0.001030 0.010020 0.000007 0.000023 0.001692 0.000136
20 0.3616257E+06   4.0010 1.934 3.840 0.680000 0.300000 0.003473 0.000056 0.001030 0.010020 0.000007 0.000023 0.001692 0.000136
21 0.3749347E+06   4.0010 2.023 3.858 0.680000 0.300000 0.003473 0.000056 0.001030 0.010020 0.000007 0.000023 0.001692 0.000136
22 0.3939476E+06   4.0010 2.108 3.878 0.680000 0.300000 0.003473 0.000056 0.001030 0.010020 0.000007 0.000023 0.001692 0.000136
23 0.4158124E+06   4.0010 2.176 3.897 0.680000 0.300000 0.003473 0.000056 0.001030 0.010020 0.000007 0.000023 0.001692 0.000136
24 0.4386278E+06   4.0010 2.232 3.917 0.680000 0.300000 0.003473 0.000056 0.001030 0.010020 0.000007 0.000023 0.001692 0.000136
25 0.4614432E+06   4.0010 2.284 3.937 0.680000 0.300000 0.003473 0.000056 0.001030 0.010020 0.000007 0.000023 0.001692 0.000136
26 0.4833080E+06   4.0010 2.326 3.956 0.680000 0.300000 0.003473 0.000056 0.001030 0.010020 0.000007 0.000023 0.001692 0.000136
27 0.5054897E+06   4.0010 2.370 3.976 0.680000 0.300000 0.003473 0.000056 0.001030 0.010020 0.000007 0.000023 0.001692 0.000136
28 0.5245025E+06   4.0010 2.407 3.994 0.680000 0.300000 0.003473 0.000056 0.001030 0.010020 0.000007 0.000023 0.001692 0.000136
29 0.5466842E+06   4.0010 2.446 4.015 0.680000 0.300000 0.003473 0.000056 0.001030 0.010020 0.000007 0.000023 0.001692 0.000136
30 0.5656970E+06   4.0010 2.477 4.033 0.680000 0.300000 0.003473 0.000056 0.001030 0.010020 0.000007 0.000023 0.001692 0.000136
31 0.5847099E+06   4.0010 2.508 4.052 0.680000 0.300000 0.003473 0.000056 0.001030 0.010020 0.000007 0.000023 0.001692 0.000136
32 0.6037227E+06   4.0010 2.537 4.071 0.680000 0.300000 0.003473 0.000056 0.001030 0.010020 0.000007 0.000023 0.001692 0.000136
33 0.6227356E+06   4.0010 2.562 4.089 0.680000 0.300000 0.003473 0.000056 0.001030 0.010020 0.000007 0.000023 0.001692 0.000136
34 0.6465017E+06   4.0010 2.590 4.112 0.680000 0.300000 0.003473 0.000056 0.001030 0.010020 0.000007 0.000023 0.001692 0.000136
35 0.6702677E+06   4.0010 2.611 4.133 0.680000 0.300000 0.003473 0.000056 0.001030 0.010020 0.000007 0.000023 0.001692 0.000136
36 0.7035402E+06   4.0010 2.600 4.153 0.680000 0.300000 0.003473 0.000056 0.001030 0.010020 0.000007 0.000023 0.001692 0.000136
37 0.7463191E+06   4.0010 2.505 4.152 0.680000 0.300000 0.003473 0.000056 0.001030 0.010020 0.000007 0.000023 0.001692 0.000136
38 0.7890980E+06   4.0010 2.409 4.142 0.680000 0.300000 0.003473 0.000056 0.001030 0.010020 0.000007 0.000023 0.001692 0.000136
39 0.8699027E+06   4.0010 2.410 4.149 0.680000 0.300000 0.003473 0.000056 0.001030 0.010020 0.000007 0.000023 0.001692 0.000136
40 0.9206036E+06   4.0010 2.469 4.169 0.680000 0.300000 0.003473 0.000056 0.001030 0.010020 0.000007 0.000023 0.001692 0.000136
41 0.9713045E+06   4.0010 2.500 4.187 0.680000 0.300000 0.003473 0.000056 0.001030 0.010020 0.000007 0.000023 0.001692 0.000136
42 0.1047356E+07   4.0010 2.450 4.187 0.680000 0.300000 0.003473 0.000056 0.001030 0.010020 0.000007 0.000023 0.001692 0.000136
43 0.1129745E+07   4.0010 2.413 4.182 0.680000 0.300000 0.003473 0.000056 0.001030 0.010020 0.000007 0.000023 0.001692 0.000136
44 0.1205796E+07   4.0010 2.410 4.181 0.680000 0.300000 0.003473 0.000056 0.001030 0.010020 0.000007 0.000023 0.001692 0.000136
45 0.1281848E+07   4.0010 2.411 4.181 0.680000 0.300000 0.003473 0.000056 0.001030 0.010020 0.000007 0.000023 0.001692 0.000136
46 0.1383250E+07   4.0010 2.411 4.181 0.680000 0.300000 0.003473 0.000056 0.001030 0.010020 0.000007 0.000023 0.001692 0.000136
47 0.1414938E+07   4.0010 2.411 4.181 0.680000 0.300000 0.003473 0.000056 0.001030 0.010020 0.000007 0.000023 0.001692 0.000136
48 0.1446626E+07   4.0010 2.411 4.181 0.680000 0.300000 0.003473 0.000056 0.001030 0.010020 0.000007 0.000023 0.001692 0.000136
49 0.1478314E+07   4.0010 2.411 4.181 0.680000 0.300000 0.003473 0.000056 0.001030 0.010020 0.000007 0.000023 0.001692 0.000136
50 0.1510002E+07   4.0010 2.411 4.181 0.680000 0.300000 0.003473 0.000056 0.001030 0.010020 0.000007 0.000023 0.001692 0.000136
51 0.1541690E+07   4.0010 2.411 4.181 0.680000 0.300000 0.003473 0.000056 0.001030 0.010020 0.000007 0.000023 0.001692 0.000136

    3.00

 1 0.7003000E+05   0.7003 0.692 3.622 0.679993 0.300000 0.003473 0.000056 0.001030 0.010021 0.000007 0.000023 0.001692 0.000136
 2 0.7874000E+05   0.7960 0.724 3.631 0.679996 0.300000 0.003473 0.000056 0.001030 0.010021 0.000007 0.000023 0.001692 0.000136
 3 0.7900089E+05   0.7985 0.728 3.631 0.679996 0.300000 0.003473 0.000056 0.001030 0.010021 0.000007 0.000023 0.001692 0.000136
 4 0.9394817E+05   0.9638 0.802 3.644 0.679996 0.300000 0.003473 0.000056 0.001030 0.010021 0.000007 0.000023 0.001692 0.000136
 5 0.1134706E+06   1.1845 0.846 3.658 0.679996 0.300000 0.003473 0.000056 0.001030 0.010021 0.000007 0.000023 0.001692 0.000136
 6 0.1381730E+06   1.4719 0.874 3.672 0.679996 0.300000 0.003473 0.000056 0.001030 0.010021 0.000007 0.000023 0.001692 0.000136
 7 0.1660839E+06   1.8086 0.898 3.686 0.679995 0.300000 0.003473 0.000056 0.001030 0.010021 0.000007 0.000023 0.001692 0.000136
 8 0.2011626E+06   2.2511 0.913 3.701 0.679995 0.300000 0.003473 0.000056 0.001030 0.010021 0.000007 0.000023 0.001692 0.000136
 9 0.2385605E+06   2.7481 0.935 3.715 0.679994 0.300000 0.003473 0.000056 0.001030 0.010021 0.000007 0.000023 0.001692 0.000136
10 0.3228863E+06   3.0000 0.993 3.725 0.680000 0.300000 0.003473 0.000056 0.001030 0.010020 0.000007 0.000023 0.001692 0.000136
11 0.4084441E+06   3.0000 1.052 3.730 0.680000 0.300000 0.003473 0.000056 0.001030 0.010020 0.000007 0.000023 0.001692 0.000136
12 0.4876643E+06   3.0000 1.123 3.736 0.680000 0.300000 0.003473 0.000056 0.001030 0.010020 0.000007 0.000023 0.001692 0.000136
13 0.5668846E+06   3.0000 1.214 3.742 0.680000 0.300000 0.003473 0.000056 0.001030 0.010020 0.000007 0.000023 0.001692 0.000136
14 0.6302607E+06   3.0000 1.325 3.750 0.680000 0.300000 0.003473 0.000056 0.001030 0.010020 0.000007 0.000023 0.001692 0.000136
15 0.6936369E+06   3.0000 1.430 3.760 0.680000 0.300000 0.003473 0.000056 0.001030 0.010020 0.000007 0.000023 0.001692 0.000136
16 0.7823635E+06   3.0000 1.505 3.770 0.680000 0.300000 0.003473 0.000056 0.001030 0.010020 0.000007 0.000023 0.001692 0.000136
17 0.8710902E+06   3.0000 1.571 3.781 0.680000 0.300000 0.003473 0.000056 0.001030 0.010020 0.000007 0.000023 0.001692 0.000136
18 0.9598168E+06   3.0000 1.638 3.797 0.680000 0.300000 0.003473 0.000056 0.001030 0.010020 0.000007 0.000023 0.001692 0.000136
19 0.1023193E+07   3.0000 1.688 3.814 0.680000 0.300000 0.003473 0.000056 0.001030 0.010020 0.000007 0.000023 0.001692 0.000136
20 0.1073894E+07   3.0000 1.729 3.830 0.680000 0.300000 0.003473 0.000056 0.001030 0.010020 0.000007 0.000023 0.001692 0.000136
21 0.1115722E+07   3.0000 1.763 3.845 0.680000 0.300000 0.003473 0.000056 0.001030 0.010020 0.000007 0.000023 0.001692 0.000136
22 0.1157551E+07   3.0000 1.798 3.860 0.680000 0.300000 0.003473 0.000056 0.001030 0.010020 0.000007 0.000023 0.001692 0.000136
23 0.1199379E+07   3.0000 1.834 3.877 0.680000 0.300000 0.003473 0.000056 0.001030 0.010020 0.000007 0.000023 0.001692 0.000136
24 0.1241207E+07   3.0000 1.872 3.894 0.680000 0.300000 0.003473 0.000056 0.001030 0.010020 0.000007 0.000023 0.001692 0.000136
25 0.1283035E+07   3.0000 1.908 3.911 0.680000 0.300000 0.003473 0.000056 0.001030 0.010020 0.000007 0.000023 0.001692 0.000136
26 0.1324864E+07   3.0000 1.944 3.929 0.680000 0.300000 0.003473 0.000056 0.001030 0.010020 0.000007 0.000023 0.001692 0.000136
27 0.1352749E+07   3.0000 1.968 3.942 0.680000 0.300000 0.003473 0.000056 0.001030 0.010020 0.000007 0.000023 0.001692 0.000136
28 0.1394577E+07   3.0000 2.004 3.961 0.680000 0.300000 0.003473 0.000056 0.001030 0.010020 0.000007 0.000023 0.001692 0.000136
29 0.1422463E+07   3.0000 2.028 3.975 0.680000 0.300000 0.003473 0.000056 0.001030 0.010020 0.000007 0.000023 0.001692 0.000136
30 0.1464291E+07   3.0000 2.059 3.994 0.680000 0.300000 0.003473 0.000056 0.001030 0.010020 0.000007 0.000023 0.001692 0.000136
31 0.1506119E+07   3.0000 2.088 4.013 0.680000 0.300000 0.003473 0.000056 0.001030 0.010020 0.000007 0.000023 0.001692 0.000136
32 0.1547948E+07   3.0000 2.114 4.033 0.680000 0.300000 0.003473 0.000056 0.001030 0.010020 0.000007 0.000023 0.001692 0.000136
33 0.1589776E+07   3.0000 2.130 4.050 0.680000 0.300000 0.003473 0.000056 0.001030 0.010020 0.000007 0.000023 0.001692 0.000136
34 0.1644280E+07   3.0000 2.125 4.066 0.680000 0.300000 0.003473 0.000056 0.001030 0.010020 0.000007 0.000023 0.001692 0.000136
35 0.1733006E+07   3.0000 2.031 4.066 0.680000 0.300000 0.003473 0.000056 0.001030 0.010020 0.000007 0.000023 0.001692 0.000136
36 0.1809058E+07   3.0000 1.939 4.056 0.680000 0.300000 0.003473 0.000056 0.001030 0.010020 0.000007 0.000023 0.001692 0.000136
37 0.1897784E+07   3.0000 1.897 4.052 0.680000 0.300000 0.003473 0.000056 0.001030 0.010020 0.000007 0.000023 0.001692 0.000136
38 0.1986511E+07   3.0000 1.922 4.060 0.680000 0.300000 0.003473 0.000056 0.001030 0.010020 0.000007 0.000023 0.001692 0.000136
39 0.2062562E+07   3.0000 1.969 4.074 0.680000 0.300000 0.003473 0.000056 0.001030 0.010020 0.000007 0.000023 0.001692 0.000136
40 0.2125938E+07   3.0000 2.010 4.089 0.680000 0.300000 0.003473 0.000056 0.001030 0.010020 0.000007 0.000023 0.001692 0.000136
41 0.2208328E+07   3.0000 2.035 4.103 0.680000 0.300000 0.003473 0.000056 0.001030 0.010020 0.000007 0.000023 0.001692 0.000136
42 0.2297054E+07   3.0000 2.015 4.106 0.680000 0.300000 0.003473 0.000056 0.001030 0.010020 0.000007 0.000023 0.001692 0.000136
43 0.2376274E+07   3.0000 1.978 4.103 0.680000 0.300000 0.003473 0.000056 0.001030 0.010020 0.000007 0.000023 0.001692 0.000136
44 0.2455495E+07   3.0000 1.951 4.099 0.680000 0.300000 0.003473 0.000056 0.001030 0.010020 0.000007 0.000023 0.001692 0.000136
45 0.2534715E+07   3.0000 1.939 4.098 0.680000 0.300000 0.003473 0.000056 0.001030 0.010020 0.000007 0.000023 0.001692 0.000136
46 0.2632948E+07   3.0000 1.937 4.097 0.680000 0.300000 0.003473 0.000056 0.001030 0.010020 0.000007 0.000023 0.001692 0.000136
47 0.2683649E+07   3.0000 1.937 4.097 0.680000 0.300000 0.003473 0.000056 0.001030 0.010020 0.000007 0.000023 0.001692 0.000136
48 0.2708999E+07   3.0000 1.938 4.097 0.680000 0.300000 0.003473 0.000056 0.001030 0.010020 0.000007 0.000023 0.001692 0.000136
49 0.2734350E+07   3.0000 1.938 4.097 0.680000 0.300000 0.003473 0.000056 0.001030 0.010020 0.000007 0.000023 0.001692 0.000136
50 0.2759700E+07   3.0000 1.939 4.097 0.680000 0.300000 0.003473 0.000056 0.001030 0.010020 0.000007 0.000023 0.001692 0.000136
51 0.2785051E+07   3.0000 1.939 4.098 0.680000 0.300000 0.003473 0.000056 0.001030 0.010020 0.000007 0.000023 0.001692 0.000136

    2.50

 1 0.7003000E+05   0.7003 0.692 3.622 0.679993 0.300000 0.003473 0.000056 0.001030 0.010021 0.000007 0.000023 0.001692 0.000136
 2 0.7874000E+05   0.7960 0.724 3.631 0.679996 0.300000 0.003473 0.000056 0.001030 0.010021 0.000007 0.000023 0.001692 0.000136
 3 0.7900089E+05   0.7985 0.728 3.631 0.679996 0.300000 0.003473 0.000056 0.001030 0.010021 0.000007 0.000023 0.001692 0.000136
 4 0.9394817E+05   0.9638 0.802 3.644 0.679996 0.300000 0.003473 0.000056 0.001030 0.010021 0.000007 0.000023 0.001692 0.000136
 5 0.1134706E+06   1.1845 0.846 3.658 0.679996 0.300000 0.003473 0.000056 0.001030 0.010021 0.000007 0.000023 0.001692 0.000136
 6 0.1381730E+06   1.4719 0.874 3.672 0.679996 0.300000 0.003473 0.000056 0.001030 0.010021 0.000007 0.000023 0.001692 0.000136
 7 0.1660839E+06   1.8086 0.898 3.686 0.679995 0.300000 0.003473 0.000056 0.001030 0.010021 0.000007 0.000023 0.001692 0.000136
 8 0.2011626E+06   2.2511 0.913 3.701 0.679995 0.300000 0.003473 0.000056 0.001030 0.010021 0.000007 0.000023 0.001692 0.000136
 9 0.3542220E+06   2.5000 0.918 3.711 0.680000 0.300000 0.003473 0.000056 0.001030 0.010020 0.000007 0.000023 0.001692 0.000136
10 0.5126624E+06   2.5000 0.917 3.715 0.680000 0.300000 0.003473 0.000056 0.001030 0.010020 0.000007 0.000023 0.001692 0.000136
11 0.6584276E+06   2.5000 0.920 3.718 0.680000 0.300000 0.003473 0.000056 0.001030 0.010020 0.000007 0.000023 0.001692 0.000136
12 0.8105305E+06   2.5000 0.930 3.722 0.680000 0.300000 0.003473 0.000056 0.001030 0.010020 0.000007 0.000023 0.001692 0.000136
13 0.9626332E+06   2.5000 0.948 3.727 0.680000 0.300000 0.003473 0.000056 0.001030 0.010020 0.000007 0.000023 0.001692 0.000136
14 0.1114736E+07   2.5000 0.977 3.732 0.680000 0.300000 0.003473 0.000056 0.001030 0.010020 0.000007 0.000023 0.001692 0.000136
15 0.1285852E+07   2.5000 1.023 3.739 0.680000 0.300000 0.003473 0.000056 0.001030 0.010020 0.000007 0.000023 0.001692 0.000136
16 0.1456967E+07   2.5000 1.091 3.746 0.680000 0.300000 0.003473 0.000056 0.001030 0.010020 0.000007 0.000023 0.001692 0.000136
17 0.1628083E+07   2.5000 1.182 3.756 0.680000 0.300000 0.003473 0.000056 0.001030 0.010020 0.000007 0.000023 0.001692 0.000136
18 0.1799199E+07   2.5000 1.269 3.768 0.680000 0.300000 0.003473 0.000056 0.001030 0.010020 0.000007 0.000023 0.001692 0.000136
19 0.1970314E+07   2.5000 1.348 3.782 0.680000 0.300000 0.003473 0.000056 0.001030 0.010020 0.000007 0.000023 0.001692 0.000136
20 0.2112911E+07   2.5000 1.418 3.796 0.680000 0.300000 0.003473 0.000056 0.001030 0.010020 0.000007 0.000023 0.001692 0.000136
21 0.2226988E+07   2.5000 1.477 3.813 0.680000 0.300000 0.003473 0.000056 0.001030 0.010020 0.000007 0.000023 0.001692 0.000136
22 0.2306208E+07   2.5000 1.519 3.829 0.680000 0.300000 0.003473 0.000056 0.001030 0.010020 0.000007 0.000023 0.001692 0.000136
23 0.2382260E+07   2.5000 1.560 3.847 0.680000 0.300000 0.003473 0.000056 0.001030 0.010020 0.000007 0.000023 0.001692 0.000136
24 0.2458311E+07   2.5000 1.600 3.866 0.680000 0.300000 0.003473 0.000056 0.001030 0.010020 0.000007 0.000023 0.001692 0.000136
25 0.2534362E+07   2.5000 1.642 3.886 0.680000 0.300000 0.003473 0.000056 0.001030 0.010020 0.000007 0.000023 0.001692 0.000136
26 0.2585063E+07   2.5000 1.668 3.900 0.680000 0.300000 0.003473 0.000056 0.001030 0.010020 0.000007 0.000023 0.001692 0.000136
27 0.2635764E+07   2.5000 1.695 3.914 0.680000 0.300000 0.003473 0.000056 0.001030 0.010020 0.000007 0.000023 0.001692 0.000136
28 0.2686465E+07   2.5000 1.721 3.928 0.680000 0.300000 0.003473 0.000056 0.001030 0.010020 0.000007 0.000023 0.001692 0.000136
29 0.2737166E+07   2.5000 1.745 3.942 0.680000 0.300000 0.003473 0.000056 0.001030 0.010020 0.000007 0.000023 0.001692 0.000136
30 0.2800542E+07   2.5000 1.773 3.960 0.680000 0.300000 0.003473 0.000056 0.001030 0.010020 0.000007 0.000023 0.001692 0.000136
31 0.2857581E+07   2.5000 1.795 3.976 0.680000 0.300000 0.003473 0.000056 0.001030 0.010020 0.000007 0.000023 0.001692 0.000136
32 0.2914620E+07   2.5000 1.810 3.991 0.680000 0.300000 0.003473 0.000056 0.001030 0.010020 0.000007 0.000023 0.001692 0.000136
33 0.2990671E+07   2.5000 1.813 4.006 0.680000 0.300000 0.003473 0.000056 0.001030 0.010020 0.000007 0.000023 0.001692 0.000136
34 0.3142774E+07   2.5000 1.723 4.010 0.680000 0.300000 0.003473 0.000056 0.001030 0.010020 0.000007 0.000023 0.001692 0.000136
35 0.3256851E+07   2.5000 1.629 4.000 0.680000 0.300000 0.003473 0.000056 0.001030 0.010020 0.000007 0.000023 0.001692 0.000136
36 0.3402616E+07   2.5000 1.573 3.993 0.680000 0.300000 0.003473 0.000056 0.001030 0.010020 0.000007 0.000023 0.001692 0.000136
37 0.3548381E+07   2.5000 1.592 3.999 0.680000 0.300000 0.003473 0.000056 0.001030 0.010020 0.000007 0.000023 0.001692 0.000136
38 0.3675134E+07   2.5000 1.641 4.013 0.680000 0.300000 0.003473 0.000056 0.001030 0.010020 0.000007 0.000023 0.001692 0.000136
39 0.3776535E+07   2.5000 1.681 4.027 0.680000 0.300000 0.003473 0.000056 0.001030 0.010020 0.000007 0.000023 0.001692 0.000136
40 0.3903288E+07   2.5000 1.715 4.041 0.680000 0.300000 0.003473 0.000056 0.001030 0.010020 0.000007 0.000023 0.001692 0.000136
41 0.4055391E+07   2.5000 1.712 4.049 0.680000 0.300000 0.003473 0.000056 0.001030 0.010020 0.000007 0.000023 0.001692 0.000136
42 0.4207493E+07   2.5000 1.676 4.048 0.680000 0.300000 0.003473 0.000056 0.001030 0.010020 0.000007 0.000023 0.001692 0.000136
43 0.4359596E+07   2.5000 1.642 4.044 0.680000 0.300000 0.003473 0.000056 0.001030 0.010020 0.000007 0.000023 0.001692 0.000136
44 0.4511699E+07   2.5000 1.629 4.042 0.680000 0.300000 0.003473 0.000056 0.001030 0.010020 0.000007 0.000023 0.001692 0.000136
45 0.4600426E+07   2.5000 1.627 4.042 0.680000 0.300000 0.003473 0.000056 0.001030 0.010020 0.000007 0.000023 0.001692 0.000136
46 0.4632114E+07   2.5000 1.627 4.042 0.680000 0.300000 0.003473 0.000056 0.001030 0.010020 0.000007 0.000023 0.001692 0.000136
47 0.4663802E+07   2.5000 1.627 4.042 0.680000 0.300000 0.003473 0.000056 0.001030 0.010020 0.000007 0.000023 0.001692 0.000136
48 0.4695490E+07   2.5000 1.628 4.042 0.680000 0.300000 0.003473 0.000056 0.001030 0.010020 0.000007 0.000023 0.001692 0.000136
49 0.4727178E+07   2.5000 1.628 4.042 0.680000 0.300000 0.003473 0.000056 0.001030 0.010020 0.000007 0.000023 0.001692 0.000136
50 0.4758866E+07   2.5000 1.628 4.042 0.680000 0.300000 0.003473 0.000056 0.001030 0.010020 0.000007 0.000023 0.001692 0.000136
51 0.4790554E+07   2.5000 1.629 4.042 0.680000 0.300000 0.003473 0.000056 0.001030 0.010020 0.000007 0.000023 0.001692 0.000136

    2.00

 1 0.7003000E+05   0.7003 0.692 3.622 0.679993 0.300000 0.003473 0.000056 0.001030 0.010021 0.000007 0.000023 0.001692 0.000136
 2 0.7874000E+05   0.7960 0.724 3.631 0.679996 0.300000 0.003473 0.000056 0.001030 0.010021 0.000007 0.000023 0.001692 0.000136
 3 0.7900089E+05   0.7985 0.728 3.631 0.679996 0.300000 0.003473 0.000056 0.001030 0.010021 0.000007 0.000023 0.001692 0.000136
 4 0.9394817E+05   0.9638 0.802 3.644 0.679996 0.300000 0.003473 0.000056 0.001030 0.010021 0.000007 0.000023 0.001692 0.000136
 5 0.1134706E+06   1.1845 0.846 3.658 0.679996 0.300000 0.003473 0.000056 0.001030 0.010021 0.000007 0.000023 0.001692 0.000136
 6 0.1381730E+06   1.4719 0.874 3.672 0.679996 0.300000 0.003473 0.000056 0.001030 0.010021 0.000007 0.000023 0.001692 0.000136
 7 0.1660839E+06   1.8086 0.898 3.686 0.679995 0.300000 0.003473 0.000056 0.001030 0.010021 0.000007 0.000023 0.001692 0.000136
 8 0.4562517E+06   2.0003 0.807 3.695 0.680000 0.300000 0.003473 0.000056 0.001030 0.010020 0.000007 0.000023 0.001692 0.000136
 9 0.7731326E+06   2.0003 0.736 3.698 0.680000 0.300000 0.003473 0.000056 0.001030 0.010020 0.000007 0.000023 0.001692 0.000136
10 0.1109026E+07   2.0003 0.691 3.703 0.680000 0.300000 0.003473 0.000056 0.001030 0.010020 0.000007 0.000023 0.001692 0.000136
11 0.1425907E+07   2.0003 0.664 3.706 0.680000 0.300000 0.003473 0.000056 0.001030 0.010020 0.000007 0.000023 0.001692 0.000136
12 0.1774476E+07   2.0003 0.648 3.711 0.680000 0.300000 0.003473 0.000056 0.001030 0.010020 0.000007 0.000023 0.001692 0.000136
13 0.2091357E+07   2.0003 0.648 3.716 0.680000 0.300000 0.003473 0.000056 0.001030 0.010020 0.000007 0.000023 0.001692 0.000136
14 0.2408238E+07   2.0003 0.662 3.722 0.680000 0.300000 0.003473 0.000056 0.001030 0.010020 0.000007 0.000023 0.001692 0.000136
15 0.2725119E+07   2.0003 0.689 3.728 0.680000 0.300000 0.003473 0.000056 0.001030 0.010020 0.000007 0.000023 0.001692 0.000136
16 0.3042000E+07   2.0003 0.730 3.736 0.680000 0.300000 0.003473 0.000056 0.001030 0.010020 0.000007 0.000023 0.001692 0.000136
17 0.3358881E+07   2.0003 0.790 3.744 0.680000 0.300000 0.003473 0.000056 0.001030 0.010020 0.000007 0.000023 0.001692 0.000136
18 0.3707450E+07   2.0003 0.890 3.756 0.680000 0.300000 0.003473 0.000056 0.001030 0.010020 0.000007 0.000023 0.001692 0.000136
19 0.3992642E+07   2.0003 0.983 3.768 0.680000 0.300000 0.003473 0.000056 0.001030 0.010020 0.000007 0.000023 0.001692 0.000136
20 0.4325367E+07   2.0003 1.078 3.783 0.680000 0.300000 0.003473 0.000056 0.001030 0.010020 0.000007 0.000023 0.001692 0.000136
21 0.4610560E+07   2.0003 1.160 3.798 0.680000 0.300000 0.003473 0.000056 0.001030 0.010020 0.000007 0.000023 0.001692 0.000136
22 0.4800689E+07   2.0003 1.216 3.814 0.680000 0.300000 0.003473 0.000056 0.001030 0.010020 0.000007 0.000023 0.001692 0.000136
23 0.4943285E+07   2.0003 1.258 3.830 0.680000 0.300000 0.003473 0.000056 0.001030 0.010020 0.000007 0.000023 0.001692 0.000136
24 0.5085881E+07   2.0003 1.299 3.849 0.680000 0.300000 0.003473 0.000056 0.001030 0.010020 0.000007 0.000023 0.001692 0.000136
25 0.5180946E+07   2.0003 1.326 3.863 0.680000 0.300000 0.003473 0.000056 0.001030 0.010020 0.000007 0.000023 0.001692 0.000136
26 0.5276010E+07   2.0003 1.350 3.877 0.680000 0.300000 0.003473 0.000056 0.001030 0.010020 0.000007 0.000023 0.001692 0.000136
27 0.5393256E+07   2.0003 1.379 3.894 0.680000 0.300000 0.003473 0.000056 0.001030 0.010020 0.000007 0.000023 0.001692 0.000136
28 0.5497826E+07   2.0003 1.399 3.909 0.680000 0.300000 0.003473 0.000056 0.001030 0.010020 0.000007 0.000023 0.001692 0.000136
29 0.5602397E+07   2.0003 1.413 3.923 0.680000 0.300000 0.003473 0.000056 0.001030 0.010020 0.000007 0.000023 0.001692 0.000136
30 0.5776682E+07   2.0003 1.404 3.938 0.680000 0.300000 0.003473 0.000056 0.001030 0.010020 0.000007 0.000023 0.001692 0.000136
31 0.6020680E+07   2.0003 1.312 3.937 0.680000 0.300000 0.003473 0.000056 0.001030 0.010020 0.000007 0.000023 0.001692 0.000136
32 0.6229821E+07   2.0003 1.222 3.928 0.680000 0.300000 0.003473 0.000056 0.001030 0.010020 0.000007 0.000023 0.001692 0.000136
33 0.6553040E+07   2.0003 1.168 3.921 0.680000 0.300000 0.003473 0.000056 0.001030 0.010020 0.000007 0.000023 0.001692 0.000136
34 0.6876258E+07   2.0003 1.207 3.931 0.680000 0.300000 0.003473 0.000056 0.001030 0.010020 0.000007 0.000023 0.001692 0.000136
35 0.7161451E+07   2.0003 1.264 3.948 0.680000 0.300000 0.003473 0.000056 0.001030 0.010020 0.000007 0.000023 0.001692 0.000136
36 0.7399112E+07   2.0003 1.305 3.963 0.680000 0.300000 0.003473 0.000056 0.001030 0.010020 0.000007 0.000023 0.001692 0.000136
37 0.7731837E+07   2.0003 1.319 3.975 0.680000 0.300000 0.003473 0.000056 0.001030 0.010020 0.000007 0.000023 0.001692 0.000136
38 0.8048718E+07   2.0003 1.291 3.977 0.680000 0.300000 0.003473 0.000056 0.001030 0.010020 0.000007 0.000023 0.001692 0.000136
39 0.8365598E+07   2.0003 1.258 3.974 0.680000 0.300000 0.003473 0.000056 0.001030 0.010020 0.000007 0.000023 0.001692 0.000136
40 0.8682479E+07   2.0003 1.243 3.972 0.680000 0.300000 0.003473 0.000056 0.001030 0.010020 0.000007 0.000023 0.001692 0.000136
41 0.8999360E+07   2.0003 1.240 3.971 0.680000 0.300000 0.003473 0.000056 0.001030 0.010020 0.000007 0.000023 0.001692 0.000136
42 0.9316241E+07   2.0003 1.242 3.972 0.680000 0.300000 0.003473 0.000056 0.001030 0.010020 0.000007 0.000023 0.001692 0.000136
43 0.9633122E+07   2.0003 1.242 3.972 0.680000 0.300000 0.003473 0.000056 0.001030 0.010020 0.000007 0.000023 0.001692 0.000136
44 0.1001338E+08   2.0003 1.242 3.972 0.680000 0.300000 0.003473 0.000056 0.001030 0.010020 0.000007 0.000023 0.001692 0.000136
45 0.1039364E+08   2.0003 1.241 3.972 0.680000 0.300000 0.003473 0.000056 0.001030 0.010020 0.000007 0.000023 0.001692 0.000136
46 0.1077389E+08   2.0003 1.241 3.972 0.680000 0.300000 0.003473 0.000056 0.001030 0.010020 0.000007 0.000023 0.001692 0.000136
47 0.1115415E+08   2.0003 1.240 3.972 0.680000 0.300000 0.003473 0.000056 0.001030 0.010020 0.000007 0.000023 0.001692 0.000136
48 0.1153441E+08   2.0003 1.240 3.972 0.680000 0.300000 0.003473 0.000056 0.001030 0.010020 0.000007 0.000023 0.001692 0.000136
49 0.1172454E+08   2.0003 1.240 3.972 0.680000 0.300000 0.003473 0.000056 0.001030 0.010020 0.000007 0.000023 0.001692 0.000136
50 0.1191466E+08   2.0003 1.240 3.972 0.680000 0.300000 0.003473 0.000056 0.001030 0.010020 0.000007 0.000023 0.001692 0.000136
51 0.1210479E+08   2.0003 1.240 3.972 0.680000 0.300000 0.003473 0.000056 0.001030 0.010020 0.000007 0.000023 0.001692 0.000136

    1.70

 1 0.7003000E+05   0.7003 0.692 3.622 0.679993 0.300000 0.003473 0.000056 0.001030 0.010021 0.000007 0.000023 0.001692 0.000136
 2 0.7874000E+05   0.7960 0.724 3.631 0.679996 0.300000 0.003473 0.000056 0.001030 0.010021 0.000007 0.000023 0.001692 0.000136
 3 0.7900089E+05   0.7985 0.728 3.631 0.679996 0.300000 0.003473 0.000056 0.001030 0.010021 0.000007 0.000023 0.001692 0.000136
 4 0.9394817E+05   0.9638 0.802 3.644 0.679996 0.300000 0.003473 0.000056 0.001030 0.010021 0.000007 0.000023 0.001692 0.000136
 5 0.1134706E+06   1.1845 0.846 3.658 0.679996 0.300000 0.003473 0.000056 0.001030 0.010021 0.000007 0.000023 0.001692 0.000136
 6 0.1381730E+06   1.4719 0.874 3.672 0.679996 0.300000 0.003473 0.000056 0.001030 0.010021 0.000007 0.000023 0.001692 0.000136
 7 0.3692045E+06   1.7001 0.780 3.684 0.680000 0.300000 0.003473 0.000056 0.001030 0.010020 0.000007 0.000023 0.001692 0.000136
 8 0.6036964E+06   1.7001 0.688 3.685 0.680000 0.300000 0.003473 0.000056 0.001030 0.010020 0.000007 0.000023 0.001692 0.000136
 9 0.9459277E+06   1.7001 0.599 3.686 0.680000 0.300000 0.003473 0.000056 0.001030 0.010020 0.000007 0.000023 0.001692 0.000136
10 0.1294497E+07   1.7001 0.549 3.691 0.680000 0.300000 0.003473 0.000056 0.001030 0.010020 0.000007 0.000023 0.001692 0.000136
11 0.1649403E+07   1.7001 0.505 3.694 0.680000 0.300000 0.003473 0.000056 0.001030 0.010020 0.000007 0.000023 0.001692 0.000136
12 0.1997972E+07   1.7001 0.474 3.697 0.680000 0.300000 0.003473 0.000056 0.001030 0.010020 0.000007 0.000023 0.001692 0.000136
13 0.2346541E+07   1.7001 0.449 3.699 0.680000 0.300000 0.003473 0.000056 0.001030 0.010020 0.000007 0.000023 0.001692 0.000136
14 0.2726798E+07   1.7001 0.433 3.701 0.680000 0.300000 0.003473 0.000056 0.001030 0.010020 0.000007 0.000023 0.001692 0.000136
15 0.3107055E+07   1.7001 0.426 3.705 0.680000 0.300000 0.003473 0.000056 0.001030 0.010020 0.000007 0.000023 0.001692 0.000136
16 0.3487312E+07   1.7001 0.429 3.709 0.680000 0.300000 0.003473 0.000056 0.001030 0.010020 0.000007 0.000023 0.001692 0.000136
17 0.3867569E+07   1.7001 0.442 3.715 0.680000 0.300000 0.003473 0.000056 0.001030 0.010020 0.000007 0.000023 0.001692 0.000136
18 0.4247826E+07   1.7001 0.460 3.721 0.680000 0.300000 0.003473 0.000056 0.001030 0.010020 0.000007 0.000023 0.001692 0.000136
19 0.4628084E+07   1.7001 0.485 3.726 0.680000 0.300000 0.003473 0.000056 0.001030 0.010020 0.000007 0.000023 0.001692 0.000136
20 0.5008341E+07   1.7001 0.519 3.732 0.680000 0.300000 0.003473 0.000056 0.001030 0.010020 0.000007 0.000023 0.001692 0.000136
21 0.5388598E+07   1.7001 0.571 3.741 0.680000 0.300000 0.003473 0.000056 0.001030 0.010020 0.000007 0.000023 0.001692 0.000136
22 0.5768855E+07   1.7001 0.628 3.749 0.680000 0.300000 0.003473 0.000056 0.001030 0.010020 0.000007 0.000023 0.001692 0.000136
23 0.6149112E+07   1.7001 0.701 3.758 0.680000 0.300000 0.003473 0.000056 0.001030 0.010020 0.000007 0.000023 0.001692 0.000136
24 0.6529369E+07   1.7001 0.786 3.769 0.680000 0.300000 0.003473 0.000056 0.001030 0.010020 0.000007 0.000023 0.001692 0.000136
25 0.6909626E+07   1.7001 0.863 3.781 0.680000 0.300000 0.003473 0.000056 0.001030 0.010020 0.000007 0.000023 0.001692 0.000136
26 0.7289883E+07   1.7001 0.935 3.794 0.680000 0.300000 0.003473 0.000056 0.001030 0.010020 0.000007 0.000023 0.001692 0.000136
27 0.7606764E+07   1.7001 0.994 3.808 0.680000 0.300000 0.003473 0.000056 0.001030 0.010020 0.000007 0.000023 0.001692 0.000136
28 0.7828580E+07   1.7001 1.035 3.821 0.680000 0.300000 0.003473 0.000056 0.001030 0.010020 0.000007 0.000023 0.001692 0.000136
29 0.8050397E+07   1.7001 1.071 3.837 0.680000 0.300000 0.003473 0.000056 0.001030 0.010020 0.000007 0.000023 0.001692 0.000136
30 0.8240526E+07   1.7001 1.096 3.853 0.680000 0.300000 0.003473 0.000056 0.001030 0.010020 0.000007 0.000023 0.001692 0.000136
31 0.8430654E+07   1.7001 1.114 3.868 0.680000 0.300000 0.003473 0.000056 0.001030 0.010020 0.000007 0.000023 0.001692 0.000136
32 0.8652471E+07   1.7001 1.113 3.882 0.680000 0.300000 0.003473 0.000056 0.001030 0.010020 0.000007 0.000023 0.001692 0.000136
33 0.9001040E+07   1.7001 1.048 3.886 0.680000 0.300000 0.003473 0.000056 0.001030 0.010020 0.000007 0.000023 0.001692 0.000136
34 0.9317921E+07   1.7001 0.956 3.878 0.680000 0.300000 0.003473 0.000056 0.001030 0.010020 0.000007 0.000023 0.001692 0.000136
35 0.9666489E+07   1.7001 0.883 3.869 0.680000 0.300000 0.003473 0.000056 0.001030 0.010020 0.000007 0.000023 0.001692 0.000136
36 0.1001506E+08   1.7001 0.866 3.866 0.680000 0.300000 0.003473 0.000056 0.001030 0.010020 0.000007 0.000023 0.001692 0.000136
37 0.1039532E+08   1.7001 0.890 3.872 0.680000 0.300000 0.003473 0.000056 0.001030 0.010020 0.000007 0.000023 0.001692 0.000136
38 0.1077557E+08   1.7001 0.927 3.881 0.680000 0.300000 0.003473 0.000056 0.001030 0.010020 0.000007 0.000023 0.001692 0.000136
39 0.1115583E+08   1.7001 0.967 3.894 0.680000 0.300000 0.003473 0.000056 0.001030 0.010020 0.000007 0.000023 0.001692 0.000136
40 0.1153609E+08   1.7001 1.001 3.906 0.680000 0.300000 0.003473 0.000056 0.001030 0.010020 0.000007 0.000023 0.001692 0.000136
41 0.1191634E+08   1.7001 1.015 3.916 0.680000 0.300000 0.003473 0.000056 0.001030 0.010020 0.000007 0.000023 0.001692 0.000136
42 0.1229660E+08   1.7001 1.009 3.920 0.680000 0.300000 0.003473 0.000056 0.001030 0.010020 0.000007 0.000023 0.001692 0.000136
43 0.1267686E+08   1.7001 0.991 3.920 0.680000 0.300000 0.003473 0.000056 0.001030 0.010020 0.000007 0.000023 0.001692 0.000136
44 0.1305711E+08   1.7001 0.972 3.919 0.680000 0.300000 0.003473 0.000056 0.001030 0.010020 0.000007 0.000023 0.001692 0.000136
45 0.1343737E+08   1.7001 0.958 3.918 0.680000 0.300000 0.003473 0.000056 0.001030 0.010020 0.000007 0.000023 0.001692 0.000136
46 0.1381763E+08   1.7001 0.952 3.917 0.680000 0.300000 0.003473 0.000056 0.001030 0.010020 0.000007 0.000023 0.001692 0.000136
47 0.1429295E+08   1.7001 0.951 3.917 0.680000 0.300000 0.003473 0.000056 0.001030 0.010020 0.000007 0.000023 0.001692 0.000136
48 0.1460983E+08   1.7001 0.951 3.917 0.680000 0.300000 0.003473 0.000056 0.001030 0.010020 0.000007 0.000023 0.001692 0.000136
49 0.1476827E+08   1.7001 0.951 3.917 0.680000 0.300000 0.003473 0.000056 0.001030 0.010020 0.000007 0.000023 0.001692 0.000136
50 0.1492671E+08   1.7001 0.951 3.917 0.680000 0.300000 0.003473 0.000056 0.001030 0.010020 0.000007 0.000023 0.001692 0.000136
51 0.1508515E+08   1.7001 0.951 3.917 0.680000 0.300000 0.003473 0.000056 0.001030 0.010020 0.000007 0.000023 0.001692 0.000136

    1.50

 1 0.7003000E+05   0.7003 0.692 3.622 0.679993 0.300000 0.003473 0.000056 0.001030 0.010021 0.000007 0.000023 0.001692 0.000136
 2 0.7874000E+05   0.7960 0.724 3.631 0.679996 0.300000 0.003473 0.000056 0.001030 0.010021 0.000007 0.000023 0.001692 0.000136
 3 0.7900089E+05   0.7985 0.728 3.631 0.679996 0.300000 0.003473 0.000056 0.001030 0.010021 0.000007 0.000023 0.001692 0.000136
 4 0.9394817E+05   0.9638 0.802 3.644 0.679996 0.300000 0.003473 0.000056 0.001030 0.010021 0.000007 0.000023 0.001692 0.000136
 5 0.1134706E+06   1.1845 0.846 3.658 0.679996 0.300000 0.003473 0.000056 0.001030 0.010021 0.000007 0.000023 0.001692 0.000136
 6 0.1381730E+06   1.4719 0.874 3.672 0.679996 0.300000 0.003473 0.000056 0.001030 0.010021 0.000007 0.000023 0.001692 0.000136
 7 0.2849206E+06   1.5002 0.782 3.677 0.680000 0.300000 0.003473 0.000056 0.001030 0.010020 0.000007 0.000023 0.001692 0.000136
 8 0.4560362E+06   1.5002 0.691 3.677 0.680000 0.300000 0.003473 0.000056 0.001030 0.010020 0.000007 0.000023 0.001692 0.000136
 9 0.6968657E+06   1.5002 0.599 3.678 0.680000 0.300000 0.003473 0.000056 0.001030 0.010020 0.000007 0.000023 0.001692 0.000136
10 0.1064448E+07   1.5002 0.507 3.680 0.680000 0.300000 0.003473 0.000056 0.001030 0.010020 0.000007 0.000023 0.001692 0.000136
11 0.1584132E+07   1.5002 0.415 3.682 0.680000 0.300000 0.003473 0.000056 0.001030 0.010020 0.000007 0.000023 0.001692 0.000136
12 0.2300283E+07   1.5002 0.330 3.683 0.680000 0.300000 0.003473 0.000056 0.001030 0.010020 0.000007 0.000023 0.001692 0.000136
13 0.3029109E+07   1.5002 0.278 3.686 0.680000 0.300000 0.003473 0.000056 0.001030 0.010020 0.000007 0.000023 0.001692 0.000136
14 0.3789623E+07   1.5002 0.263 3.693 0.680000 0.300000 0.003473 0.000056 0.001030 0.010020 0.000007 0.000023 0.001692 0.000136
15 0.4550137E+07   1.5002 0.259 3.700 0.680000 0.300000 0.003473 0.000056 0.001030 0.010020 0.000007 0.000023 0.001692 0.000136
16 0.5310651E+07   1.5002 0.265 3.706 0.680000 0.300000 0.003473 0.000056 0.001030 0.010020 0.000007 0.000023 0.001692 0.000136
17 0.6071165E+07   1.5002 0.295 3.715 0.680000 0.300000 0.003473 0.000056 0.001030 0.010020 0.000007 0.000023 0.001692 0.000136
18 0.6831679E+07   1.5002 0.341 3.725 0.680000 0.300000 0.003473 0.000056 0.001030 0.010020 0.000007 0.000023 0.001692 0.000136
19 0.7592194E+07   1.5002 0.407 3.737 0.680000 0.300000 0.003473 0.000056 0.001030 0.010020 0.000007 0.000023 0.001692 0.000136
20 0.8352708E+07   1.5002 0.494 3.749 0.680000 0.300000 0.003473 0.000056 0.001030 0.010020 0.000007 0.000023 0.001692 0.000136
21 0.9018158E+07   1.5002 0.594 3.763 0.680000 0.300000 0.003473 0.000056 0.001030 0.010020 0.000007 0.000023 0.001692 0.000136
22 0.9683607E+07   1.5002 0.691 3.778 0.680000 0.300000 0.003473 0.000056 0.001030 0.010020 0.000007 0.000023 0.001692 0.000136
23 0.1022230E+08   1.5002 0.764 3.792 0.680000 0.300000 0.003473 0.000056 0.001030 0.010020 0.000007 0.000023 0.001692 0.000136
24 0.1067228E+08   1.5002 0.819 3.805 0.680000 0.300000 0.003473 0.000056 0.001030 0.010020 0.000007 0.000023 0.001692 0.000136
25 0.1108422E+08   1.5002 0.860 3.819 0.680000 0.300000 0.003473 0.000056 0.001030 0.010020 0.000007 0.000023 0.001692 0.000136
26 0.1145497E+08   1.5002 0.880 3.833 0.680000 0.300000 0.003473 0.000056 0.001030 0.010020 0.000007 0.000023 0.001692 0.000136
27 0.1219647E+08   1.5002 0.813 3.846 0.680000 0.300000 0.003473 0.000056 0.001030 0.010020 0.000007 0.000023 0.001692 0.000136
28 0.1269081E+08   1.5002 0.718 3.839 0.680000 0.300000 0.003473 0.000056 0.001030 0.010020 0.000007 0.000023 0.001692 0.000136
29 0.1343231E+08   1.5002 0.635 3.832 0.680000 0.300000 0.003473 0.000056 0.001030 0.010020 0.000007 0.000023 0.001692 0.000136
30 0.1414529E+08   1.5002 0.646 3.834 0.680000 0.300000 0.003473 0.000056 0.001030 0.010020 0.000007 0.000023 0.001692 0.000136
31 0.1488679E+08   1.5002 0.689 3.841 0.680000 0.300000 0.003473 0.000056 0.001030 0.010020 0.000007 0.000023 0.001692 0.000136
32 0.1565681E+08   1.5002 0.731 3.852 0.680000 0.300000 0.003473 0.000056 0.001030 0.010020 0.000007 0.000023 0.001692 0.000136
33 0.1636979E+08   1.5002 0.762 3.864 0.680000 0.300000 0.003473 0.000056 0.001030 0.010020 0.000007 0.000023 0.001692 0.000136
34 0.1708278E+08   1.5002 0.769 3.871 0.680000 0.300000 0.003473 0.000056 0.001030 0.010020 0.000007 0.000023 0.001692 0.000136
35 0.1789082E+08   1.5002 0.755 3.874 0.680000 0.300000 0.003473 0.000056 0.001030 0.010020 0.000007 0.000023 0.001692 0.000136
36 0.1860380E+08   1.5002 0.738 3.873 0.680000 0.300000 0.003473 0.000056 0.001030 0.010020 0.000007 0.000023 0.001692 0.000136
37 0.1936432E+08   1.5002 0.727 3.872 0.680000 0.300000 0.003473 0.000056 0.001030 0.010020 0.000007 0.000023 0.001692 0.000136
38 0.2018821E+08   1.5002 0.723 3.872 0.680000 0.300000 0.003473 0.000056 0.001030 0.010020 0.000007 0.000023 0.001692 0.000136
39 0.2143989E+08   1.5002 0.722 3.872 0.680000 0.300000 0.003473 0.000056 0.001030 0.010020 0.000007 0.000023 0.001692 0.000136
40 0.2270741E+08   1.5002 0.722 3.872 0.680000 0.300000 0.003473 0.000056 0.001030 0.010020 0.000007 0.000023 0.001692 0.000136
41 0.2397493E+08   1.5002 0.722 3.873 0.680000 0.300000 0.003473 0.000056 0.001030 0.010020 0.000007 0.000023 0.001692 0.000136
42 0.2524246E+08   1.5002 0.722 3.873 0.680000 0.300000 0.003473 0.000056 0.001030 0.010020 0.000007 0.000023 0.001692 0.000136
43 0.2650998E+08   1.5002 0.721 3.873 0.680000 0.300000 0.003473 0.000056 0.001030 0.010020 0.000007 0.000023 0.001692 0.000136
44 0.2809439E+08   1.5002 0.721 3.873 0.680000 0.300000 0.003473 0.000056 0.001030 0.010020 0.000007 0.000023 0.001692 0.000136
45 0.2904503E+08   1.5002 0.721 3.873 0.680000 0.300000 0.003473 0.000056 0.001030 0.010020 0.000007 0.000023 0.001692 0.000136
46 0.2999567E+08   1.5002 0.721 3.873 0.680000 0.300000 0.003473 0.000056 0.001030 0.010020 0.000007 0.000023 0.001692 0.000136
47 0.3094631E+08   1.5002 0.721 3.873 0.680000 0.300000 0.003473 0.000056 0.001030 0.010020 0.000007 0.000023 0.001692 0.000136
48 0.3189696E+08   1.5002 0.721 3.873 0.680000 0.300000 0.003473 0.000056 0.001030 0.010020 0.000007 0.000023 0.001692 0.000136
49 0.3284760E+08   1.5002 0.721 3.873 0.680000 0.300000 0.003473 0.000056 0.001030 0.010020 0.000007 0.000023 0.001692 0.000136
50 0.3379824E+08   1.5002 0.721 3.873 0.680000 0.300000 0.003473 0.000056 0.001030 0.010020 0.000007 0.000023 0.001692 0.000136
51 0.3474888E+08   1.5002 0.721 3.873 0.680000 0.300000 0.003473 0.000056 0.001030 0.010020 0.000007 0.000023 0.001692 0.000136

    1.25

 1 0.7003000E+05   0.7003 0.692 3.622 0.679993 0.300000 0.003473 0.000056 0.001030 0.010021 0.000007 0.000023 0.001692 0.000136
 2 0.7874000E+05   0.7960 0.724 3.631 0.679996 0.300000 0.003473 0.000056 0.001030 0.010021 0.000007 0.000023 0.001692 0.000136
 3 0.7900089E+05   0.7985 0.728 3.631 0.679996 0.300000 0.003473 0.000056 0.001030 0.010021 0.000007 0.000023 0.001692 0.000136
 4 0.9394817E+05   0.9638 0.802 3.644 0.679996 0.300000 0.003473 0.000056 0.001030 0.010021 0.000007 0.000023 0.001692 0.000136
 5 0.1134706E+06   1.1845 0.846 3.658 0.679996 0.300000 0.003473 0.000056 0.001030 0.010021 0.000007 0.000023 0.001692 0.000136
 6 0.2281672E+06   1.2500 0.753 3.665 0.680000 0.300000 0.003473 0.000056 0.001030 0.010020 0.000007 0.000023 0.001692 0.000136
 7 0.3549195E+06   1.2500 0.657 3.664 0.680000 0.300000 0.003473 0.000056 0.001030 0.010020 0.000007 0.000023 0.001692 0.000136
 8 0.5450481E+06   1.2500 0.565 3.666 0.680000 0.300000 0.003473 0.000056 0.001030 0.010020 0.000007 0.000023 0.001692 0.000136
 9 0.8080592E+06   1.2500 0.466 3.667 0.680000 0.300000 0.003473 0.000056 0.001030 0.010020 0.000007 0.000023 0.001692 0.000136
10 0.1162966E+07   1.2500 0.374 3.668 0.680000 0.300000 0.003473 0.000056 0.001030 0.010020 0.000007 0.000023 0.001692 0.000136
11 0.1600261E+07   1.2500 0.284 3.667 0.680000 0.300000 0.003473 0.000056 0.001030 0.010020 0.000007 0.000023 0.001692 0.000136
12 0.2116777E+07   1.2500 0.205 3.666 0.680000 0.300000 0.003473 0.000056 0.001030 0.010020 0.000007 0.000023 0.001692 0.000136
13 0.2687163E+07   1.2500 0.144 3.666 0.680000 0.300000 0.003473 0.000056 0.001030 0.010020 0.000007 0.000023 0.001692 0.000136
14 0.3257548E+07   1.2500 0.098 3.666 0.680000 0.300000 0.003473 0.000056 0.001030 0.010020 0.000007 0.000023 0.001692 0.000136
15 0.3827934E+07   1.2500 0.063 3.667 0.680000 0.300000 0.003473 0.000056 0.001030 0.010020 0.000007 0.000023 0.001692 0.000136
16 0.4461696E+07   1.2500 0.035 3.669 0.680000 0.300000 0.003473 0.000056 0.001030 0.010020 0.000007 0.000023 0.001692 0.000136
17 0.5095457E+07   1.2500 0.014 3.671 0.680000 0.300000 0.003473 0.000056 0.001030 0.010020 0.000007 0.000023 0.001692 0.000136
18 0.5729219E+07   1.2500 0.000 3.673 0.680000 0.300000 0.003473 0.000056 0.001030 0.010020 0.000007 0.000023 0.001692 0.000136
19 0.6299605E+07   1.2500 -.006 3.676 0.680000 0.300000 0.003473 0.000056 0.001030 0.010020 0.000007 0.000023 0.001692 0.000136
20 0.6869990E+07   1.2500 -.007 3.679 0.680000 0.300000 0.003473 0.000056 0.001030 0.010020 0.000007 0.000023 0.001692 0.000136
21 0.7440376E+07   1.2500 -.004 3.683 0.680000 0.300000 0.003473 0.000056 0.001030 0.010020 0.000007 0.000023 0.001692 0.000136
22 0.8010762E+07   1.2500 0.004 3.687 0.680000 0.300000 0.003473 0.000056 0.001030 0.010020 0.000007 0.000023 0.001692 0.000136
23 0.8644523E+07   1.2500 0.018 3.693 0.680000 0.300000 0.003473 0.000056 0.001030 0.010020 0.000007 0.000023 0.001692 0.000136
24 0.9278285E+07   1.2500 0.033 3.698 0.680000 0.300000 0.003473 0.000056 0.001030 0.010020 0.000007 0.000023 0.001692 0.000136
25 0.9912047E+07   1.2500 0.054 3.704 0.680000 0.300000 0.003473 0.000056 0.001030 0.010020 0.000007 0.000023 0.001692 0.000136
26 0.1054581E+08   1.2500 0.079 3.711 0.680000 0.300000 0.003473 0.000056 0.001030 0.010020 0.000007 0.000023 0.001692 0.000136
27 0.1117957E+08   1.2500 0.106 3.717 0.680000 0.300000 0.003473 0.000056 0.001030 0.010020 0.000007 0.000023 0.001692 0.000136
28 0.1181333E+08   1.2500 0.136 3.724 0.680000 0.300000 0.003473 0.000056 0.001030 0.010020 0.000007 0.000023 0.001692 0.000136
29 0.1244709E+08   1.2500 0.173 3.731 0.680000 0.300000 0.003473 0.000056 0.001030 0.010020 0.000007 0.000023 0.001692 0.000136
30 0.1308086E+08   1.2500 0.214 3.738 0.680000 0.300000 0.003473 0.000056 0.001030 0.010020 0.000007 0.000023 0.001692 0.000136
31 0.1371462E+08   1.2500 0.261 3.747 0.680000 0.300000 0.003473 0.000056 0.001030 0.010020 0.000007 0.000023 0.001692 0.000136
32 0.1434838E+08   1.2500 0.309 3.755 0.680000 0.300000 0.003473 0.000056 0.001030 0.010020 0.000007 0.000023 0.001692 0.000136
33 0.1498214E+08   1.2500 0.363 3.762 0.680000 0.300000 0.003473 0.000056 0.001030 0.010020 0.000007 0.000023 0.001692 0.000136
34 0.1555253E+08   1.2500 0.413 3.771 0.680000 0.300000 0.003473 0.000056 0.001030 0.010020 0.000007 0.000023 0.001692 0.000136
35 0.1610707E+08   1.2500 0.458 3.780 0.680000 0.300000 0.003473 0.000056 0.001030 0.010020 0.000007 0.000023 0.001692 0.000136
36 0.1666161E+08   1.2500 0.492 3.788 0.680000 0.300000 0.003473 0.000056 0.001030 0.010020 0.000007 0.000023 0.001692 0.000136
37 0.1721615E+08   1.2500 0.514 3.795 0.680000 0.300000 0.003473 0.000056 0.001030 0.010020 0.000007 0.000023 0.001692 0.000136
38 0.1780238E+08   1.2500 0.519 3.803 0.680000 0.300000 0.003473 0.000056 0.001030 0.010020 0.000007 0.000023 0.001692 0.000136
39 0.1837277E+08   1.2500 0.499 3.807 0.680000 0.300000 0.003473 0.000056 0.001030 0.010020 0.000007 0.000023 0.001692 0.000136
40 0.1894315E+08   1.2500 0.454 3.808 0.680000 0.300000 0.003473 0.000056 0.001030 0.010020 0.000007 0.000023 0.001692 0.000136
41 0.1951354E+08   1.2500 0.399 3.807 0.680000 0.300000 0.003473 0.000056 0.001030 0.010020 0.000007 0.000023 0.001692 0.000136
42 0.2008392E+08   1.2500 0.348 3.804 0.680000 0.300000 0.003473 0.000056 0.001030 0.010020 0.000007 0.000023 0.001692 0.000136
43 0.2065431E+08   1.2500 0.312 3.802 0.680000 0.300000 0.003473 0.000056 0.001030 0.010020 0.000007 0.000023 0.001692 0.000136
44 0.2119301E+08   1.2500 0.294 3.800 0.680000 0.300000 0.003473 0.000056 0.001030 0.010020 0.000007 0.000023 0.001692 0.000136
45 0.2176339E+08   1.2500 0.291 3.800 0.680000 0.300000 0.003473 0.000056 0.001030 0.010020 0.000007 0.000023 0.001692 0.000136
46 0.2233378E+08   1.2500 0.298 3.801 0.680000 0.300000 0.003473 0.000056 0.001030 0.010020 0.000007 0.000023 0.001692 0.000136
47 0.2287247E+08   1.2500 0.310 3.802 0.680000 0.300000 0.003473 0.000056 0.001030 0.010020 0.000007 0.000023 0.001692 0.000136
48 0.2350624E+08   1.2500 0.323 3.803 0.680000 0.300000 0.003473 0.000056 0.001030 0.010020 0.000007 0.000023 0.001692 0.000136
49 0.2414000E+08   1.2500 0.336 3.805 0.680000 0.300000 0.003473 0.000056 0.001030 0.010020 0.000007 0.000023 0.001692 0.000136
50 0.2477376E+08   1.2500 0.347 3.807 0.680000 0.300000 0.003473 0.000056 0.001030 0.010020 0.000007 0.000023 0.001692 0.000136
51 0.2524908E+08   1.2500 0.355 3.808 0.680000 0.300000 0.003473 0.000056 0.001030 0.010020 0.000007 0.000023 0.001692 0.000136

    1.00

 1 0.7003000E+05   0.7003 0.692 3.622 0.679993 0.300000 0.003473 0.000056 0.001030 0.010021 0.000007 0.000023 0.001692 0.000136
 2 0.7874000E+05   0.7960 0.724 3.631 0.679996 0.300000 0.003473 0.000056 0.001030 0.010021 0.000007 0.000023 0.001692 0.000136
 3 0.7900089E+05   0.7985 0.728 3.631 0.679996 0.300000 0.003473 0.000056 0.001030 0.010021 0.000007 0.000023 0.001692 0.000136
 4 0.9718225E+05   1.0000 0.813 3.647 0.679996 0.300000 0.003473 0.000056 0.001030 0.010021 0.000007 0.000023 0.001692 0.000136
 5 0.1869869E+06   1.0000 0.692 3.649 0.680000 0.300000 0.003473 0.000056 0.001030 0.010020 0.000007 0.000023 0.001692 0.000136
 6 0.3200769E+06   1.0000 0.566 3.649 0.680000 0.300000 0.003473 0.000056 0.001030 0.010020 0.000007 0.000023 0.001692 0.000136
 7 0.5482311E+06   1.0000 0.437 3.652 0.680000 0.300000 0.003473 0.000056 0.001030 0.010020 0.000007 0.000023 0.001692 0.000136
 8 0.8524368E+06   1.0000 0.314 3.651 0.680000 0.300000 0.003473 0.000056 0.001030 0.010020 0.000007 0.000023 0.001692 0.000136
 9 0.1321420E+07   1.0000 0.185 3.649 0.680000 0.300000 0.003473 0.000056 0.001030 0.010020 0.000007 0.000023 0.001692 0.000136
10 0.2018558E+07   1.0000 0.061 3.647 0.680000 0.300000 0.003473 0.000056 0.001030 0.010020 0.000007 0.000023 0.001692 0.000136
11 0.2969201E+07   1.0000 -.061 3.643 0.680000 0.300000 0.003473 0.000056 0.001030 0.010020 0.000007 0.000023 0.001692 0.000136
12 0.4141660E+07   1.0000 -.149 3.642 0.680000 0.300000 0.003473 0.000056 0.001030 0.010020 0.000007 0.000023 0.001692 0.000136
13 0.5282431E+07   1.0000 -.216 3.641 0.680000 0.300000 0.003473 0.000056 0.001030 0.010020 0.000007 0.000023 0.001692 0.000136
14 0.6423203E+07   1.0000 -.261 3.641 0.680000 0.300000 0.003473 0.000056 0.001030 0.010020 0.000007 0.000023 0.001692 0.000136
15 0.7611506E+07   1.0000 -.294 3.642 0.680000 0.300000 0.003473 0.000056 0.001030 0.010020 0.000007 0.000023 0.001692 0.000136
16 0.8752277E+07   1.0000 -.316 3.644 0.680000 0.300000 0.003473 0.000056 0.001030 0.010020 0.000007 0.000023 0.001692 0.000136
17 0.9924736E+07   1.0000 -.329 3.647 0.680000 0.300000 0.003473 0.000056 0.001030 0.010020 0.000007 0.000023 0.001692 0.000136
18 0.1114473E+08   1.0000 -.335 3.651 0.680000 0.300000 0.003473 0.000056 0.001030 0.010020 0.000007 0.000023 0.001692 0.000136
19 0.1236472E+08   1.0000 -.335 3.655 0.680000 0.300000 0.003473 0.000056 0.001030 0.010020 0.000007 0.000023 0.001692 0.000136
20 0.1367977E+08   1.0000 -.329 3.660 0.680000 0.300000 0.003473 0.000056 0.001030 0.010020 0.000007 0.000023 0.001692 0.000136
21 0.1478886E+08   1.0000 -.316 3.666 0.680000 0.300000 0.003473 0.000056 0.001030 0.010020 0.000007 0.000023 0.001692 0.000136
22 0.1589794E+08   1.0000 -.302 3.672 0.680000 0.300000 0.003473 0.000056 0.001030 0.010020 0.000007 0.000023 0.001692 0.000136
23 0.1700702E+08   1.0000 -.283 3.678 0.680000 0.300000 0.003473 0.000056 0.001030 0.010020 0.000007 0.000023 0.001692 0.000136
24 0.1817948E+08   1.0000 -.258 3.685 0.680000 0.300000 0.003473 0.000056 0.001030 0.010020 0.000007 0.000023 0.001692 0.000136
25 0.1944701E+08   1.0000 -.226 3.694 0.680000 0.300000 0.003473 0.000056 0.001030 0.010020 0.000007 0.000023 0.001692 0.000136
26 0.2071453E+08   1.0000 -.197 3.702 0.680000 0.300000 0.003473 0.000056 0.001030 0.010020 0.000007 0.000023 0.001692 0.000136
27 0.2198205E+08   1.0000 -.160 3.710 0.680000 0.300000 0.003473 0.000056 0.001030 0.010020 0.000007 0.000023 0.001692 0.000136
28 0.2324958E+08   1.0000 -.114 3.721 0.680000 0.300000 0.003473 0.000056 0.001030 0.010020 0.000007 0.000023 0.001692 0.000136
29 0.2451710E+08   1.0000 -.074 3.730 0.680000 0.300000 0.003473 0.000056 0.001030 0.010020 0.000007 0.000023 0.001692 0.000136
30 0.2578462E+08   1.0000 -.030 3.740 0.680000 0.300000 0.003473 0.000056 0.001030 0.010020 0.000007 0.000023 0.001692 0.000136
31 0.2705215E+08   1.0000 0.014 3.750 0.680000 0.300000 0.003473 0.000056 0.001030 0.010020 0.000007 0.000023 0.001692 0.000136
32 0.2819292E+08   1.0000 0.043 3.758 0.680000 0.300000 0.003473 0.000056 0.001030 0.010020 0.000007 0.000023 0.001692 0.000136
33 0.2933369E+08   1.0000 0.056 3.764 0.680000 0.300000 0.003473 0.000056 0.001030 0.010020 0.000007 0.000023 0.001692 0.000136
34 0.3047446E+08   1.0000 0.048 3.768 0.680000 0.300000 0.003473 0.000056 0.001030 0.010020 0.000007 0.000023 0.001692 0.000136
35 0.3161523E+08   1.0000 0.021 3.769 0.680000 0.300000 0.003473 0.000056 0.001030 0.010020 0.000007 0.000023 0.001692 0.000136
36 0.3275600E+08   1.0000 -.018 3.768 0.680000 0.300000 0.003473 0.000056 0.001030 0.010020 0.000007 0.000023 0.001692 0.000136
37 0.3402353E+08   1.0000 -.063 3.766 0.680000 0.300000 0.003473 0.000056 0.001030 0.010020 0.000007 0.000023 0.001692 0.000136
38 0.3516430E+08   1.0000 -.096 3.764 0.680000 0.300000 0.003473 0.000056 0.001030 0.010020 0.000007 0.000023 0.001692 0.000136
39 0.3630507E+08   1.0000 -.121 3.761 0.680000 0.300000 0.003473 0.000056 0.001030 0.010020 0.000007 0.000023 0.001692 0.000136
40 0.3744584E+08   1.0000 -.134 3.760 0.680000 0.300000 0.003473 0.000056 0.001030 0.010020 0.000007 0.000023 0.001692 0.000136
41 0.3801623E+08   1.0000 -.136 3.760 0.680000 0.300000 0.003473 0.000056 0.001030 0.010020 0.000007 0.000023 0.001692 0.000136
42 0.3820635E+08   1.0000 -.137 3.759 0.680000 0.300000 0.003473 0.000056 0.001030 0.010020 0.000007 0.000023 0.001692 0.000136
43 0.3839648E+08   1.0000 -.137 3.759 0.680000 0.300000 0.003473 0.000056 0.001030 0.010020 0.000007 0.000023 0.001692 0.000136
44 0.3858661E+08   1.0000 -.137 3.759 0.680000 0.300000 0.003473 0.000056 0.001030 0.010020 0.000007 0.000023 0.001692 0.000136
45 0.3877674E+08   1.0000 -.137 3.759 0.680000 0.300000 0.003473 0.000056 0.001030 0.010020 0.000007 0.000023 0.001692 0.000136
46 0.3896687E+08   1.0000 -.137 3.759 0.680000 0.300000 0.003473 0.000056 0.001030 0.010020 0.000007 0.000023 0.001692 0.000136
47 0.3915700E+08   1.0000 -.137 3.759 0.680000 0.300000 0.003473 0.000056 0.001030 0.010020 0.000007 0.000023 0.001692 0.000136
48 0.3934713E+08   1.0000 -.136 3.759 0.680000 0.300000 0.003473 0.000056 0.001030 0.010020 0.000007 0.000023 0.001692 0.000136
49 0.3953725E+08   1.0000 -.136 3.759 0.680000 0.300000 0.003473 0.000056 0.001030 0.010020 0.000007 0.000023 0.001692 0.000136
50 0.3972738E+08   1.0000 -.135 3.759 0.680000 0.300000 0.003473 0.000056 0.001030 0.010020 0.000007 0.000023 0.001692 0.000136
51 0.4010764E+08   1.0000 -.134 3.759 0.680000 0.300000 0.003473 0.000056 0.001030 0.010020 0.000007 0.000023 0.001692 0.000136

    0.90

 1 0.7003000E+05   0.7003 0.692 3.622 0.679993 0.300000 0.003473 0.000056 0.001030 0.010021 0.000007 0.000023 0.001692 0.000136
 2 0.7874000E+05   0.7960 0.724 3.631 0.679996 0.300000 0.003473 0.000056 0.001030 0.010021 0.000007 0.000023 0.001692 0.000136
 3 0.7900089E+05   0.7985 0.728 3.631 0.679996 0.300000 0.003473 0.000056 0.001030 0.010021 0.000007 0.000023 0.001692 0.000136
 4 0.2336926E+06   0.9006 0.584 3.642 0.680000 0.300000 0.003473 0.000056 0.001030 0.010020 0.000007 0.000023 0.001692 0.000136
 5 0.4174835E+06   0.9006 0.440 3.643 0.680000 0.300000 0.003473 0.000056 0.001030 0.010020 0.000007 0.000023 0.001692 0.000136
 6 0.7185204E+06   0.9006 0.292 3.643 0.680000 0.300000 0.003473 0.000056 0.001030 0.010020 0.000007 0.000023 0.001692 0.000136
 7 0.1193842E+07   0.9006 0.146 3.641 0.680000 0.300000 0.003473 0.000056 0.001030 0.010020 0.000007 0.000023 0.001692 0.000136
 8 0.1875136E+07   0.9006 0.004 3.637 0.680000 0.300000 0.003473 0.000056 0.001030 0.010020 0.000007 0.000023 0.001692 0.000136
 9 0.3015907E+07   0.9006 -.141 3.633 0.680000 0.300000 0.003473 0.000056 0.001030 0.010020 0.000007 0.000023 0.001692 0.000136
10 0.4980568E+07   0.9006 -.285 3.630 0.680000 0.300000 0.003473 0.000056 0.001030 0.010020 0.000007 0.000023 0.001692 0.000136
11 0.7959248E+07   0.9006 -.414 3.626 0.680000 0.300000 0.003473 0.000056 0.001030 0.010020 0.000007 0.000023 0.001692 0.000136
12 0.1096962E+08   0.9006 -.470 3.629 0.680000 0.300000 0.003473 0.000056 0.001030 0.010020 0.000007 0.000023 0.001692 0.000136
13 0.1385323E+08   0.9006 -.494 3.635 0.680000 0.300000 0.003473 0.000056 0.001030 0.010020 0.000007 0.000023 0.001692 0.000136
14 0.1683191E+08   0.9006 -.493 3.643 0.680000 0.300000 0.003473 0.000056 0.001030 0.010020 0.000007 0.000023 0.001692 0.000136
15 0.1968384E+08   0.9006 -.473 3.653 0.680000 0.300000 0.003473 0.000056 0.001030 0.010020 0.000007 0.000023 0.001692 0.000136
16 0.2253577E+08   0.9006 -.439 3.666 0.680000 0.300000 0.003473 0.000056 0.001030 0.010020 0.000007 0.000023 0.001692 0.000136
17 0.2538770E+08   0.9006 -.390 3.680 0.680000 0.300000 0.003473 0.000056 0.001030 0.010020 0.000007 0.000023 0.001692 0.000136
18 0.2823962E+08   0.9006 -.327 3.697 0.680000 0.300000 0.003473 0.000056 0.001030 0.010020 0.000007 0.000023 0.001692 0.000136
19 0.3109155E+08   0.9006 -.267 3.713 0.680000 0.300000 0.003473 0.000056 0.001030 0.010020 0.000007 0.000023 0.001692 0.000136
20 0.3394348E+08   0.9006 -.203 3.729 0.680000 0.300000 0.003473 0.000056 0.001030 0.010020 0.000007 0.000023 0.001692 0.000136
21 0.3679541E+08   0.9006 -.170 3.741 0.680000 0.300000 0.003473 0.000056 0.001030 0.010020 0.000007 0.000023 0.001692 0.000136
22 0.3964734E+08   0.9006 -.192 3.746 0.680000 0.300000 0.003473 0.000056 0.001030 0.010020 0.000007 0.000023 0.001692 0.000136
23 0.4249926E+08   0.9006 -.249 3.744 0.680000 0.300000 0.003473 0.000056 0.001030 0.010020 0.000007 0.000023 0.001692 0.000136
24 0.4535119E+08   0.9006 -.302 3.740 0.680000 0.300000 0.003473 0.000056 0.001030 0.010020 0.000007 0.000023 0.001692 0.000136
25 0.4820312E+08   0.9006 -.331 3.737 0.680000 0.300000 0.003473 0.000056 0.001030 0.010020 0.000007 0.000023 0.001692 0.000136
26 0.5010440E+08   0.9006 -.338 3.735 0.680000 0.300000 0.003473 0.000056 0.001030 0.010020 0.000007 0.000023 0.001692 0.000136
27 0.5042129E+08   0.9006 -.339 3.735 0.680000 0.300000 0.003473 0.000056 0.001030 0.010020 0.000007 0.000023 0.001692 0.000136
28 0.5073817E+08   0.9006 -.339 3.735 0.680000 0.300000 0.003473 0.000056 0.001030 0.010020 0.000007 0.000023 0.001692 0.000136
29 0.5105505E+08   0.9006 -.339 3.735 0.680000 0.300000 0.003473 0.000056 0.001030 0.010020 0.000007 0.000023 0.001692 0.000136
30 0.5137193E+08   0.9006 -.340 3.735 0.680000 0.300000 0.003473 0.000056 0.001030 0.010020 0.000007 0.000023 0.001692 0.000136
31 0.5168881E+08   0.9006 -.340 3.735 0.680000 0.300000 0.003473 0.000056 0.001030 0.010020 0.000007 0.000023 0.001692 0.000136
32 0.5200569E+08   0.9006 -.339 3.735 0.680000 0.300000 0.003473 0.000056 0.001030 0.010020 0.000007 0.000023 0.001692 0.000136
33 0.5232257E+08   0.9006 -.339 3.735 0.680000 0.300000 0.003473 0.000056 0.001030 0.010020 0.000007 0.000023 0.001692 0.000136
34 0.5295633E+08   0.9006 -.339 3.735 0.680000 0.300000 0.003473 0.000056 0.001030 0.010020 0.000007 0.000023 0.001692 0.000136
35 0.5359009E+08   0.9006 -.338 3.735 0.680000 0.300000 0.003473 0.000056 0.001030 0.010020 0.000007 0.000023 0.001692 0.000136
36 0.5422386E+08   0.9006 -.337 3.735 0.680000 0.300000 0.003473 0.000056 0.001030 0.010020 0.000007 0.000023 0.001692 0.000136
37 0.5485762E+08   0.9006 -.336 3.735 0.680000 0.300000 0.003473 0.000056 0.001030 0.010020 0.000007 0.000023 0.001692 0.000136
38 0.5549138E+08   0.9006 -.335 3.735 0.680000 0.300000 0.003473 0.000056 0.001030 0.010020 0.000007 0.000023 0.001692 0.000136
39 0.5612514E+08   0.9006 -.334 3.735 0.680000 0.300000 0.003473 0.000056 0.001030 0.010020 0.000007 0.000023 0.001692 0.000136
40 0.5675890E+08   0.9006 -.333 3.735 0.680000 0.300000 0.003473 0.000056 0.001030 0.010020 0.000007 0.000023 0.001692 0.000136
41 0.5739267E+08   0.9006 -.333 3.736 0.680000 0.300000 0.003473 0.000056 0.001030 0.010020 0.000007 0.000023 0.001692 0.000136
42 0.5802643E+08   0.9006 -.332 3.736 0.680000 0.300000 0.003473 0.000056 0.001030 0.010020 0.000007 0.000023 0.001692 0.000136
43 0.5866019E+08   0.9006 -.331 3.736 0.680000 0.300000 0.003473 0.000056 0.001030 0.010020 0.000007 0.000023 0.001692 0.000136
44 0.5929395E+08   0.9006 -.330 3.736 0.680000 0.300000 0.003473 0.000056 0.001030 0.010020 0.000007 0.000023 0.001692 0.000136
45 0.5992771E+08   0.9006 -.330 3.736 0.680000 0.300000 0.003473 0.000056 0.001030 0.010020 0.000007 0.000023 0.001692 0.000136
46 0.6056147E+08   0.9006 -.329 3.736 0.680000 0.300000 0.003473 0.000056 0.001030 0.010020 0.000007 0.000023 0.001692 0.000136
47 0.6119524E+08   0.9006 -.328 3.736 0.680000 0.300000 0.003473 0.000056 0.001030 0.010020 0.000007 0.000023 0.001692 0.000136
48 0.6182900E+08   0.9006 -.328 3.736 0.680000 0.300000 0.003473 0.000056 0.001030 0.010020 0.000007 0.000023 0.001692 0.000136
49 0.6246276E+08   0.9006 -.327 3.736 0.680000 0.300000 0.003473 0.000056 0.001030 0.010020 0.000007 0.000023 0.001692 0.000136
50 0.6309652E+08   0.9006 -.327 3.736 0.680000 0.300000 0.003473 0.000056 0.001030 0.010020 0.000007 0.000023 0.001692 0.000136
51 0.6373028E+08   0.9006 -.327 3.736 0.680000 0.300000 0.003473 0.000056 0.001030 0.010020 0.000007 0.000023 0.001692 0.000136

    0.80

 1 0.7003000E+05   0.7003 0.692 3.622 0.679993 0.300000 0.003473 0.000056 0.001030 0.010021 0.000007 0.000023 0.001692 0.000136
 2 0.1751489E+06   0.8010 0.580 3.633 0.680000 0.300000 0.003473 0.000056 0.001030 0.010020 0.000007 0.000023 0.001692 0.000136
 3 0.2828884E+06   0.8010 0.468 3.635 0.680000 0.300000 0.003473 0.000056 0.001030 0.010020 0.000007 0.000023 0.001692 0.000136
 4 0.4349912E+06   0.8010 0.353 3.634 0.680000 0.300000 0.003473 0.000056 0.001030 0.010020 0.000007 0.000023 0.001692 0.000136
 5 0.6631454E+06   0.8010 0.235 3.634 0.680000 0.300000 0.003473 0.000056 0.001030 0.010020 0.000007 0.000023 0.001692 0.000136
 6 0.9863639E+06   0.8010 0.117 3.631 0.680000 0.300000 0.003473 0.000056 0.001030 0.010020 0.000007 0.000023 0.001692 0.000136
 7 0.1474361E+07   0.8010 -.001 3.629 0.680000 0.300000 0.003473 0.000056 0.001030 0.010020 0.000007 0.000023 0.001692 0.000136
 8 0.2051084E+07   0.8010 -.113 3.624 0.680000 0.300000 0.003473 0.000056 0.001030 0.010020 0.000007 0.000023 0.001692 0.000136
 9 0.3014402E+07   0.8010 -.226 3.621 0.680000 0.300000 0.003473 0.000056 0.001030 0.010020 0.000007 0.000023 0.001692 0.000136
10 0.4364314E+07   0.8010 -.341 3.617 0.680000 0.300000 0.003473 0.000056 0.001030 0.010020 0.000007 0.000023 0.001692 0.000136
11 0.6439884E+07   0.8010 -.453 3.614 0.680000 0.300000 0.003473 0.000056 0.001030 0.010020 0.000007 0.000023 0.001692 0.000136
12 0.9307656E+07   0.8010 -.549 3.613 0.680000 0.300000 0.003473 0.000056 0.001030 0.010020 0.000007 0.000023 0.001692 0.000136
13 0.1227049E+08   0.8010 -.611 3.613 0.680000 0.300000 0.003473 0.000056 0.001030 0.010020 0.000007 0.000023 0.001692 0.000136
14 0.1532839E+08   0.8010 -.653 3.615 0.680000 0.300000 0.003473 0.000056 0.001030 0.010020 0.000007 0.000023 0.001692 0.000136
15 0.1818032E+08   0.8010 -.680 3.616 0.680000 0.300000 0.003473 0.000056 0.001030 0.010020 0.000007 0.000023 0.001692 0.000136
16 0.2103225E+08   0.8010 -.679 3.622 0.680000 0.300000 0.003473 0.000056 0.001030 0.010020 0.000007 0.000023 0.001692 0.000136
17 0.2388418E+08   0.8010 -.670 3.629 0.680000 0.300000 0.003473 0.000056 0.001030 0.010020 0.000007 0.000023 0.001692 0.000136
18 0.2686286E+08   0.8010 -.655 3.637 0.680000 0.300000 0.003473 0.000056 0.001030 0.010020 0.000007 0.000023 0.001692 0.000136
19 0.2971478E+08   0.8010 -.628 3.647 0.680000 0.300000 0.003473 0.000056 0.001030 0.010020 0.000007 0.000023 0.001692 0.000136
20 0.3288359E+08   0.8010 -.598 3.657 0.680000 0.300000 0.003473 0.000056 0.001030 0.010020 0.000007 0.000023 0.001692 0.000136
21 0.3573552E+08   0.8010 -.555 3.669 0.680000 0.300000 0.003473 0.000056 0.001030 0.010020 0.000007 0.000023 0.001692 0.000136
22 0.3858745E+08   0.8010 -.514 3.681 0.680000 0.300000 0.003473 0.000056 0.001030 0.010020 0.000007 0.000023 0.001692 0.000136
23 0.4143938E+08   0.8010 -.477 3.691 0.680000 0.300000 0.003473 0.000056 0.001030 0.010020 0.000007 0.000023 0.001692 0.000136
24 0.4429130E+08   0.8010 -.432 3.704 0.680000 0.300000 0.003473 0.000056 0.001030 0.010020 0.000007 0.000023 0.001692 0.000136
25 0.4714323E+08   0.8010 -.412 3.713 0.680000 0.300000 0.003473 0.000056 0.001030 0.010020 0.000007 0.000023 0.001692 0.000136
26 0.5015360E+08   0.8010 -.428 3.716 0.680000 0.300000 0.003473 0.000056 0.001030 0.010020 0.000007 0.000023 0.001692 0.000136
27 0.5348085E+08   0.8010 -.470 3.715 0.680000 0.300000 0.003473 0.000056 0.001030 0.010020 0.000007 0.000023 0.001692 0.000136
28 0.5633278E+08   0.8010 -.507 3.711 0.680000 0.300000 0.003473 0.000056 0.001030 0.010020 0.000007 0.000023 0.001692 0.000136
29 0.5918471E+08   0.8010 -.533 3.708 0.680000 0.300000 0.003473 0.000056 0.001030 0.010020 0.000007 0.000023 0.001692 0.000136
30 0.6203663E+08   0.8010 -.550 3.706 0.680000 0.300000 0.003473 0.000056 0.001030 0.010020 0.000007 0.000023 0.001692 0.000136
31 0.6488856E+08   0.8010 -.562 3.705 0.680000 0.300000 0.003473 0.000056 0.001030 0.010020 0.000007 0.000023 0.001692 0.000136
32 0.6774049E+08   0.8010 -.568 3.704 0.680000 0.300000 0.003473 0.000056 0.001030 0.010020 0.000007 0.000023 0.001692 0.000136
33 0.7059242E+08   0.8010 -.571 3.703 0.680000 0.300000 0.003473 0.000056 0.001030 0.010020 0.000007 0.000023 0.001692 0.000136
34 0.7154306E+08   0.8010 -.571 3.703 0.680000 0.300000 0.003473 0.000056 0.001030 0.010020 0.000007 0.000023 0.001692 0.000136
35 0.7344435E+08   0.8010 -.572 3.703 0.680000 0.300000 0.003473 0.000056 0.001030 0.010020 0.000007 0.000023 0.001692 0.000136
36 0.7534563E+08   0.8010 -.572 3.703 0.680000 0.300000 0.003473 0.000056 0.001030 0.010020 0.000007 0.000023 0.001692 0.000136
37 0.7724692E+08   0.8010 -.571 3.703 0.680000 0.300000 0.003473 0.000056 0.001030 0.010020 0.000007 0.000023 0.001692 0.000136
38 0.7914820E+08   0.8010 -.571 3.703 0.680000 0.300000 0.003473 0.000056 0.001030 0.010020 0.000007 0.000023 0.001692 0.000136
39 0.8104949E+08   0.8010 -.570 3.702 0.680000 0.300000 0.003473 0.000056 0.001030 0.010020 0.000007 0.000023 0.001692 0.000136
40 0.8295077E+08   0.8010 -.570 3.702 0.680000 0.300000 0.003473 0.000056 0.001030 0.010020 0.000007 0.000023 0.001692 0.000136
41 0.8485206E+08   0.8010 -.569 3.702 0.680000 0.300000 0.003473 0.000056 0.001030 0.010020 0.000007 0.000023 0.001692 0.000136
42 0.8675334E+08   0.8010 -.569 3.702 0.680000 0.300000 0.003473 0.000056 0.001030 0.010020 0.000007 0.000023 0.001692 0.000136
43 0.8865463E+08   0.8010 -.568 3.702 0.680000 0.300000 0.003473 0.000056 0.001030 0.010020 0.000007 0.000023 0.001692 0.000136
44 0.9055591E+08   0.8010 -.567 3.703 0.680000 0.300000 0.003473 0.000056 0.001030 0.010020 0.000007 0.000023 0.001692 0.000136
45 0.9245720E+08   0.8010 -.568 3.702 0.680000 0.300000 0.003473 0.000056 0.001030 0.010020 0.000007 0.000023 0.001692 0.000136
46 0.9435848E+08   0.8010 -.567 3.702 0.680000 0.300000 0.003473 0.000056 0.001030 0.010020 0.000007 0.000023 0.001692 0.000136
47 0.9625977E+08   0.8010 -.567 3.702 0.680000 0.300000 0.003473 0.000056 0.001030 0.010020 0.000007 0.000023 0.001692 0.000136
48 0.9816105E+08   0.8010 -.566 3.702 0.680000 0.300000 0.003473 0.000056 0.001030 0.010020 0.000007 0.000023 0.001692 0.000136
49 0.1000623E+09   0.8010 -.566 3.702 0.680000 0.300000 0.003473 0.000056 0.001030 0.010020 0.000007 0.000023 0.001692 0.000136
50 0.1019636E+09   0.8010 -.566 3.702 0.680000 0.300000 0.003473 0.000056 0.001030 0.010020 0.000007 0.000023 0.001692 0.000136
51 0.1057662E+09   0.8010 -.565 3.703 0.680000 0.300000 0.003473 0.000056 0.001030 0.010020 0.000007 0.000023 0.001692 0.000136














