Models of pre main sequence, Bernasconi 1996 (0.001)

  12  51
 
    7.40

 1 0.7004000E+05   0.7004 0.860 3.679 0.756000 0.243000 0.000083 0.000174 0.000003 0.000051 0.000501 0.000000 0.000001 0.000085
 2 0.8406673E+05   0.8649 0.924 3.691 0.756000 0.243000 0.000068 0.000174 0.000003 0.000051 0.000501 0.000000 0.000001 0.000085
 3 0.9822814E+05   1.0329 0.956 3.699 0.756000 0.243000 0.000066 0.000174 0.000003 0.000051 0.000501 0.000000 0.000001 0.000085
 4 0.1124561E+06   1.2046 0.977 3.708 0.756000 0.243000 0.000068 0.000174 0.000003 0.000051 0.000501 0.000000 0.000001 0.000085
 5 0.1266936E+06   1.3798 0.988 3.715 0.756000 0.243000 0.000069 0.000174 0.000003 0.000051 0.000501 0.000000 0.000001 0.000085
 6 0.1409215E+06   1.5577 0.997 3.722 0.756000 0.243000 0.000070 0.000174 0.000003 0.000051 0.000501 0.000000 0.000001 0.000085
 7 0.1558276E+06   1.7481 0.998 3.727 0.756000 0.243000 0.000071 0.000174 0.000003 0.000051 0.000501 0.000000 0.000001 0.000085
 8 0.1710379E+06   1.9466 1.003 3.734 0.756000 0.243000 0.000072 0.000174 0.000003 0.000051 0.000501 0.000000 0.000001 0.000085
 9 0.1860422E+06   2.1465 1.020 3.739 0.756000 0.243000 0.000072 0.000174 0.000003 0.000051 0.000501 0.000000 0.000001 0.000085
10 0.2012525E+06   2.3533 1.046 3.745 0.756000 0.243000 0.000072 0.000174 0.000003 0.000051 0.000501 0.000000 0.000001 0.000085
11 0.2160831E+06   2.5595 1.096 3.753 0.756000 0.243000 0.000072 0.000174 0.000003 0.000051 0.000501 0.000000 0.000001 0.000085
12 0.2293921E+06   2.7483 1.161 3.760 0.756000 0.243000 0.000072 0.000174 0.000003 0.000051 0.000501 0.000000 0.000001 0.000085
13 0.2404829E+06   2.9081 1.224 3.765 0.756000 0.243000 0.000072 0.000174 0.000003 0.000051 0.000501 0.000000 0.000001 0.000085
14 0.2468206E+06   3.0005 1.287 3.770 0.756000 0.243000 0.000072 0.000174 0.000003 0.000051 0.000501 0.000000 0.000001 0.000085
15 0.2503063E+06   3.0517 1.366 3.776 0.756000 0.243000 0.000072 0.000174 0.000003 0.000051 0.000501 0.000000 0.000001 0.000085
16 0.2512569E+06   3.0657 1.452 3.783 0.756000 0.243000 0.000072 0.000174 0.000003 0.000051 0.000501 0.000000 0.000001 0.000085
17 0.2522075E+06   3.0797 1.561 3.791 0.756000 0.243000 0.000072 0.000174 0.000003 0.000051 0.000501 0.000000 0.000001 0.000085
18 0.2531582E+06   3.0938 1.631 3.798 0.756000 0.243000 0.000072 0.000174 0.000003 0.000051 0.000501 0.000000 0.000001 0.000085
19 0.2550595E+06   3.1219 1.721 3.810 0.756000 0.243000 0.000072 0.000174 0.000003 0.000051 0.000501 0.000000 0.000001 0.000085
20 0.2569607E+06   3.1502 1.791 3.822 0.756000 0.243000 0.000072 0.000174 0.000003 0.000051 0.000501 0.000000 0.000001 0.000085
21 0.2598127E+06   3.1926 1.868 3.838 0.756000 0.243000 0.000072 0.000174 0.000003 0.000051 0.000501 0.000000 0.000001 0.000085
22 0.2626646E+06   3.2353 1.931 3.853 0.756000 0.243000 0.000072 0.000174 0.000003 0.000051 0.000501 0.000000 0.000001 0.000085
23 0.2655165E+06   3.2781 1.991 3.867 0.756000 0.243000 0.000072 0.000174 0.000003 0.000051 0.000501 0.000000 0.000001 0.000085
24 0.2693191E+06   3.3355 2.059 3.883 0.756000 0.243000 0.000072 0.000174 0.000003 0.000051 0.000501 0.000000 0.000001 0.000085
25 0.2737554E+06   3.4028 2.129 3.902 0.756000 0.243000 0.000072 0.000174 0.000003 0.000051 0.000501 0.000000 0.000001 0.000085
26 0.2788255E+06   3.4803 2.205 3.923 0.756000 0.243000 0.000072 0.000174 0.000003 0.000051 0.000501 0.000000 0.000001 0.000085
27 0.2838956E+06   3.5581 2.277 3.944 0.756000 0.243000 0.000072 0.000174 0.000003 0.000051 0.000501 0.000000 0.000001 0.000085
28 0.2889657E+06   3.6364 2.341 3.963 0.756000 0.243000 0.000072 0.000174 0.000003 0.000051 0.000501 0.000000 0.000001 0.000085
29 0.2940358E+06   3.7153 2.402 3.983 0.756000 0.243000 0.000072 0.000174 0.000003 0.000051 0.000501 0.000000 0.000001 0.000085
30 0.3003734E+06   3.8147 2.472 4.008 0.756000 0.243000 0.000072 0.000174 0.000003 0.000051 0.000501 0.000000 0.000001 0.000085
31 0.3067110E+06   3.9150 2.537 4.031 0.756000 0.243000 0.000072 0.000174 0.000003 0.000051 0.000501 0.000000 0.000001 0.000085
32 0.3134289E+06   4.0223 2.601 4.056 0.756000 0.243000 0.000072 0.000174 0.000003 0.000051 0.000501 0.000000 0.000001 0.000085
33 0.3204003E+06   4.1347 2.662 4.081 0.756000 0.243000 0.000072 0.000174 0.000003 0.000051 0.000501 0.000000 0.000001 0.000085
34 0.3273717E+06   4.2481 2.720 4.107 0.756000 0.243000 0.000072 0.000174 0.000003 0.000051 0.000501 0.000000 0.000001 0.000085
35 0.3343431E+06   4.3625 2.773 4.131 0.756000 0.243000 0.000072 0.000174 0.000003 0.000051 0.000501 0.000000 0.000001 0.000085
36 0.3413144E+06   4.4778 2.823 4.155 0.756000 0.243000 0.000071 0.000174 0.000003 0.000051 0.000501 0.000000 0.000001 0.000085
37 0.3482858E+06   4.5943 2.870 4.179 0.756000 0.243000 0.000070 0.000173 0.000003 0.000052 0.000501 0.000000 0.000001 0.000085
38 0.3552572E+06   4.7118 2.915 4.202 0.756000 0.243000 0.000067 0.000173 0.000003 0.000052 0.000501 0.000000 0.000001 0.000085
39 0.3622286E+06   4.8305 2.958 4.225 0.756000 0.243000 0.000057 0.000171 0.000005 0.000052 0.000501 0.000000 0.000001 0.000085
40 0.3698337E+06   4.9612 3.002 4.248 0.756000 0.243000 0.000037 0.000164 0.000012 0.000053 0.000501 0.000000 0.000001 0.000085
41 0.3781994E+06   5.1064 3.048 4.274 0.756000 0.243000 0.000016 0.000133 0.000028 0.000072 0.000501 0.000000 0.000001 0.000085
42 0.3864383E+06   5.2508 3.088 4.297 0.756000 0.243100 0.000005 0.000059 0.000023 0.000163 0.000501 0.000000 0.000001 0.000085
43 0.3946772E+06   5.3968 3.124 4.320 0.756000 0.243100 0.000002 0.000006 0.000002 0.000248 0.000501 0.000001 0.000000 0.000085
44 0.4038667E+06   5.5615 3.160 4.343 0.756000 0.243100 0.000001 0.000003 0.000001 0.000255 0.000499 0.000002 0.000000 0.000085
45 0.4138485E+06   5.7426 3.195 4.366 0.755900 0.243100 0.000000 0.000003 0.000001 0.000260 0.000492 0.000002 0.000000 0.000085
46 0.4252562E+06   5.9524 3.229 4.389 0.755900 0.243200 0.000000 0.000003 0.000001 0.000266 0.000486 0.000001 0.000000 0.000085
47 0.4398327E+06   6.2245 3.242 4.404 0.755800 0.243300 0.000000 0.000004 0.000001 0.000278 0.000471 0.000001 0.000000 0.000085
48 0.4544092E+06   6.5017 3.217 4.404 0.755700 0.243400 0.000000 0.000004 0.000001 0.000293 0.000454 0.000001 0.000000 0.000085
49 0.4689857E+06   6.7840 3.196 4.400 0.755500 0.243500 0.000000 0.000004 0.000001 0.000310 0.000434 0.000001 0.000000 0.000085
50 0.4832454E+06   7.0648 3.222 4.401 0.755400 0.243700 0.000000 0.000004 0.000001 0.000327 0.000414 0.000001 0.000000 0.000085
51 0.4856220E+06   7.1120 3.230 4.402 0.755300 0.243700 0.000000 0.000004 0.000001 0.000330 0.000411 0.000001 0.000000 0.000085

    5.00

 1 0.7004000E+05   0.7004 0.860 3.679 0.756000 0.243000 0.000083 0.000174 0.000003 0.000051 0.000501 0.000000 0.000001 0.000085
 2 0.8406673E+05   0.8649 0.924 3.691 0.756000 0.243000 0.000068 0.000174 0.000003 0.000051 0.000501 0.000000 0.000001 0.000085
 3 0.1095408E+06   1.1692 0.972 3.706 0.756000 0.243000 0.000068 0.000174 0.000003 0.000051 0.000501 0.000000 0.000001 0.000085
 4 0.1352493E+06   1.4864 0.996 3.720 0.756000 0.243000 0.000070 0.000174 0.000003 0.000051 0.000501 0.000000 0.000001 0.000085
 5 0.1608977E+06   1.8137 1.003 3.730 0.756000 0.243000 0.000071 0.000174 0.000003 0.000051 0.000501 0.000000 0.000001 0.000085
 6 0.1860422E+06   2.1465 1.020 3.739 0.756000 0.243000 0.000072 0.000174 0.000003 0.000051 0.000501 0.000000 0.000001 0.000085
 7 0.2113926E+06   2.4938 1.077 3.750 0.756000 0.243000 0.000072 0.000174 0.000003 0.000051 0.000501 0.000000 0.000001 0.000085
 8 0.2262233E+06   2.7030 1.144 3.758 0.756000 0.243000 0.000072 0.000174 0.000003 0.000051 0.000501 0.000000 0.000001 0.000085
 9 0.2376310E+06   2.8668 1.204 3.763 0.756000 0.243000 0.000072 0.000174 0.000003 0.000051 0.000501 0.000000 0.000001 0.000085
10 0.2452361E+06   2.9773 1.267 3.768 0.756000 0.243000 0.000072 0.000174 0.000003 0.000051 0.000501 0.000000 0.000001 0.000085
11 0.2493556E+06   3.0377 1.336 3.773 0.756000 0.243000 0.000072 0.000174 0.000003 0.000051 0.000501 0.000000 0.000001 0.000085
12 0.2512569E+06   3.0657 1.452 3.783 0.756000 0.243000 0.000072 0.000174 0.000003 0.000051 0.000501 0.000000 0.000001 0.000085
13 0.2522075E+06   3.0797 1.561 3.791 0.756000 0.243000 0.000072 0.000174 0.000003 0.000051 0.000501 0.000000 0.000001 0.000085
14 0.2531582E+06   3.0938 1.631 3.798 0.756000 0.243000 0.000072 0.000174 0.000003 0.000051 0.000501 0.000000 0.000001 0.000085
15 0.2550595E+06   3.1219 1.721 3.810 0.756000 0.243000 0.000072 0.000174 0.000003 0.000051 0.000501 0.000000 0.000001 0.000085
16 0.2569607E+06   3.1502 1.791 3.822 0.756000 0.243000 0.000072 0.000174 0.000003 0.000051 0.000501 0.000000 0.000001 0.000085
17 0.2598127E+06   3.1926 1.868 3.838 0.756000 0.243000 0.000072 0.000174 0.000003 0.000051 0.000501 0.000000 0.000001 0.000085
18 0.2626646E+06   3.2353 1.931 3.853 0.756000 0.243000 0.000072 0.000174 0.000003 0.000051 0.000501 0.000000 0.000001 0.000085
19 0.2655165E+06   3.2781 1.991 3.867 0.756000 0.243000 0.000072 0.000174 0.000003 0.000051 0.000501 0.000000 0.000001 0.000085
20 0.2693191E+06   3.3355 2.059 3.883 0.756000 0.243000 0.000072 0.000174 0.000003 0.000051 0.000501 0.000000 0.000001 0.000085
21 0.2737554E+06   3.4028 2.129 3.902 0.756000 0.243000 0.000072 0.000174 0.000003 0.000051 0.000501 0.000000 0.000001 0.000085
22 0.2788255E+06   3.4803 2.205 3.923 0.756000 0.243000 0.000072 0.000174 0.000003 0.000051 0.000501 0.000000 0.000001 0.000085
23 0.2838956E+06   3.5581 2.277 3.944 0.756000 0.243000 0.000072 0.000174 0.000003 0.000051 0.000501 0.000000 0.000001 0.000085
24 0.2889657E+06   3.6364 2.341 3.963 0.756000 0.243000 0.000072 0.000174 0.000003 0.000051 0.000501 0.000000 0.000001 0.000085
25 0.2940358E+06   3.7153 2.402 3.983 0.756000 0.243000 0.000072 0.000174 0.000003 0.000051 0.000501 0.000000 0.000001 0.000085
26 0.3003734E+06   3.8147 2.472 4.008 0.756000 0.243000 0.000072 0.000174 0.000003 0.000051 0.000501 0.000000 0.000001 0.000085
27 0.3067110E+06   3.9150 2.537 4.031 0.756000 0.243000 0.000072 0.000174 0.000003 0.000051 0.000501 0.000000 0.000001 0.000085
28 0.3134289E+06   4.0223 2.601 4.056 0.756000 0.243000 0.000072 0.000174 0.000003 0.000051 0.000501 0.000000 0.000001 0.000085
29 0.3204003E+06   4.1347 2.662 4.081 0.756000 0.243000 0.000072 0.000174 0.000003 0.000051 0.000501 0.000000 0.000001 0.000085
30 0.3273717E+06   4.2481 2.720 4.107 0.756000 0.243000 0.000072 0.000174 0.000003 0.000051 0.000501 0.000000 0.000001 0.000085
31 0.3343431E+06   4.3625 2.773 4.131 0.756000 0.243000 0.000072 0.000174 0.000003 0.000051 0.000501 0.000000 0.000001 0.000085
32 0.3413144E+06   4.4778 2.823 4.155 0.756000 0.243000 0.000071 0.000174 0.000003 0.000051 0.000501 0.000000 0.000001 0.000085
33 0.3482858E+06   4.5943 2.870 4.179 0.756000 0.243000 0.000070 0.000173 0.000003 0.000052 0.000501 0.000000 0.000001 0.000085
34 0.3552572E+06   4.7118 2.915 4.202 0.756000 0.243000 0.000067 0.000173 0.000003 0.000052 0.000501 0.000000 0.000001 0.000085
35 0.3622286E+06   4.8305 2.958 4.225 0.756000 0.243000 0.000057 0.000171 0.000005 0.000052 0.000501 0.000000 0.000001 0.000085
36 0.3698337E+06   4.9612 3.002 4.248 0.756000 0.243000 0.000037 0.000164 0.000012 0.000053 0.000501 0.000000 0.000001 0.000085
37 0.3858045E+06   5.0006 3.009 4.271 0.756000 0.243000 0.000009 0.000103 0.000032 0.000102 0.000501 0.000000 0.000001 0.000085
38 0.4086199E+06   5.0006 3.002 4.294 0.756000 0.243100 0.000002 0.000006 0.000003 0.000248 0.000501 0.000001 0.000000 0.000085
39 0.4352379E+06   5.0006 2.996 4.317 0.755900 0.243100 0.000001 0.000002 0.000001 0.000255 0.000498 0.000002 0.000000 0.000085
40 0.4624897E+06   5.0006 2.992 4.337 0.755900 0.243200 0.000000 0.000003 0.000001 0.000264 0.000488 0.000003 0.000000 0.000085
41 0.4878402E+06   5.0006 2.979 4.350 0.755800 0.243200 0.000000 0.000003 0.000001 0.000270 0.000481 0.000002 0.000000 0.000085
42 0.5131906E+06   5.0006 2.938 4.351 0.755700 0.243300 0.000000 0.000003 0.000001 0.000280 0.000470 0.000001 0.000000 0.000085
43 0.5385411E+06   5.0006 2.882 4.345 0.755600 0.243400 0.000000 0.000003 0.000001 0.000291 0.000457 0.000001 0.000000 0.000085
44 0.5638916E+06   5.0006 2.839 4.338 0.755500 0.243600 0.000000 0.000004 0.000001 0.000304 0.000442 0.000001 0.000000 0.000085
45 0.5924108E+06   5.0006 2.819 4.333 0.755300 0.243700 0.000000 0.000004 0.000001 0.000318 0.000426 0.000001 0.000000 0.000085
46 0.5987485E+06   5.0006 2.818 4.333 0.755300 0.243700 0.000000 0.000004 0.000001 0.000320 0.000423 0.000001 0.000000 0.000085
47 0.6050861E+06   5.0006 2.817 4.333 0.755300 0.243800 0.000000 0.000004 0.000001 0.000323 0.000419 0.000001 0.000000 0.000085
48 0.6114237E+06   5.0006 2.816 4.332 0.755200 0.243800 0.000000 0.000004 0.000001 0.000326 0.000416 0.000001 0.000000 0.000085
49 0.6177613E+06   5.0006 2.816 4.332 0.755200 0.243800 0.000000 0.000004 0.000001 0.000329 0.000413 0.000001 0.000000 0.000085
50 0.6240989E+06   5.0006 2.817 4.332 0.755200 0.243900 0.000000 0.000004 0.000001 0.000331 0.000410 0.000001 0.000000 0.000085
51 0.6304366E+06   5.0006 2.817 4.332 0.755100 0.243900 0.000000 0.000004 0.000001 0.000334 0.000407 0.000001 0.000000 0.000085

    4.00

 1 0.7004000E+05   0.7004 0.860 3.679 0.756000 0.243000 0.000083 0.000174 0.000003 0.000051 0.000501 0.000000 0.000001 0.000085
 2 0.8406673E+05   0.8649 0.924 3.691 0.756000 0.243000 0.000068 0.000174 0.000003 0.000051 0.000501 0.000000 0.000001 0.000085
 3 0.1095408E+06   1.1692 0.972 3.706 0.756000 0.243000 0.000068 0.000174 0.000003 0.000051 0.000501 0.000000 0.000001 0.000085
 4 0.1352493E+06   1.4864 0.996 3.720 0.756000 0.243000 0.000070 0.000174 0.000003 0.000051 0.000501 0.000000 0.000001 0.000085
 5 0.1608977E+06   1.8137 1.003 3.730 0.756000 0.243000 0.000071 0.000174 0.000003 0.000051 0.000501 0.000000 0.000001 0.000085
 6 0.1860422E+06   2.1465 1.020 3.739 0.756000 0.243000 0.000072 0.000174 0.000003 0.000051 0.000501 0.000000 0.000001 0.000085
 7 0.2113926E+06   2.4938 1.077 3.750 0.756000 0.243000 0.000072 0.000174 0.000003 0.000051 0.000501 0.000000 0.000001 0.000085
 8 0.2262233E+06   2.7030 1.144 3.758 0.756000 0.243000 0.000072 0.000174 0.000003 0.000051 0.000501 0.000000 0.000001 0.000085
 9 0.2376310E+06   2.8668 1.204 3.763 0.756000 0.243000 0.000072 0.000174 0.000003 0.000051 0.000501 0.000000 0.000001 0.000085
10 0.2452361E+06   2.9773 1.267 3.768 0.756000 0.243000 0.000072 0.000174 0.000003 0.000051 0.000501 0.000000 0.000001 0.000085
11 0.2493556E+06   3.0377 1.336 3.773 0.756000 0.243000 0.000072 0.000174 0.000003 0.000051 0.000501 0.000000 0.000001 0.000085
12 0.2512569E+06   3.0657 1.452 3.783 0.756000 0.243000 0.000072 0.000174 0.000003 0.000051 0.000501 0.000000 0.000001 0.000085
13 0.2522075E+06   3.0797 1.561 3.791 0.756000 0.243000 0.000072 0.000174 0.000003 0.000051 0.000501 0.000000 0.000001 0.000085
14 0.2531582E+06   3.0938 1.631 3.798 0.756000 0.243000 0.000072 0.000174 0.000003 0.000051 0.000501 0.000000 0.000001 0.000085
15 0.2550595E+06   3.1219 1.721 3.810 0.756000 0.243000 0.000072 0.000174 0.000003 0.000051 0.000501 0.000000 0.000001 0.000085
16 0.2569607E+06   3.1502 1.791 3.822 0.756000 0.243000 0.000072 0.000174 0.000003 0.000051 0.000501 0.000000 0.000001 0.000085
17 0.2598127E+06   3.1926 1.868 3.838 0.756000 0.243000 0.000072 0.000174 0.000003 0.000051 0.000501 0.000000 0.000001 0.000085
18 0.2626646E+06   3.2353 1.931 3.853 0.756000 0.243000 0.000072 0.000174 0.000003 0.000051 0.000501 0.000000 0.000001 0.000085
19 0.2655165E+06   3.2781 1.991 3.867 0.756000 0.243000 0.000072 0.000174 0.000003 0.000051 0.000501 0.000000 0.000001 0.000085
20 0.2693191E+06   3.3355 2.059 3.883 0.756000 0.243000 0.000072 0.000174 0.000003 0.000051 0.000501 0.000000 0.000001 0.000085
21 0.2737554E+06   3.4028 2.129 3.902 0.756000 0.243000 0.000072 0.000174 0.000003 0.000051 0.000501 0.000000 0.000001 0.000085
22 0.2788255E+06   3.4803 2.205 3.923 0.756000 0.243000 0.000072 0.000174 0.000003 0.000051 0.000501 0.000000 0.000001 0.000085
23 0.2838956E+06   3.5581 2.277 3.944 0.756000 0.243000 0.000072 0.000174 0.000003 0.000051 0.000501 0.000000 0.000001 0.000085
24 0.2889657E+06   3.6364 2.341 3.963 0.756000 0.243000 0.000072 0.000174 0.000003 0.000051 0.000501 0.000000 0.000001 0.000085
25 0.2940358E+06   3.7153 2.402 3.983 0.756000 0.243000 0.000072 0.000174 0.000003 0.000051 0.000501 0.000000 0.000001 0.000085
26 0.3003734E+06   3.8147 2.472 4.008 0.756000 0.243000 0.000072 0.000174 0.000003 0.000051 0.000501 0.000000 0.000001 0.000085
27 0.3067110E+06   3.9150 2.537 4.031 0.756000 0.243000 0.000072 0.000174 0.000003 0.000051 0.000501 0.000000 0.000001 0.000085
28 0.3148232E+06   4.0000 2.588 4.054 0.756000 0.243000 0.000072 0.000174 0.000003 0.000051 0.000501 0.000000 0.000001 0.000085
29 0.3342797E+06   4.0000 2.604 4.077 0.756000 0.243000 0.000072 0.000174 0.000003 0.000051 0.000501 0.000000 0.000001 0.000085
30 0.3529757E+06   4.0000 2.621 4.099 0.756000 0.243000 0.000072 0.000174 0.000003 0.000051 0.000501 0.000000 0.000001 0.000085
31 0.3732560E+06   4.0000 2.635 4.122 0.756000 0.243000 0.000072 0.000174 0.000003 0.000051 0.000501 0.000000 0.000001 0.000085
32 0.3960714E+06   4.0000 2.648 4.146 0.756000 0.243000 0.000069 0.000173 0.000003 0.000052 0.000501 0.000000 0.000001 0.000085
33 0.4214219E+06   4.0000 2.661 4.170 0.756000 0.243000 0.000058 0.000172 0.000005 0.000052 0.000501 0.000000 0.000001 0.000085
34 0.4467724E+06   4.0000 2.670 4.193 0.756000 0.243000 0.000033 0.000162 0.000013 0.000054 0.000501 0.000000 0.000001 0.000085
35 0.4721229E+06   4.0000 2.676 4.213 0.756000 0.243000 0.000013 0.000122 0.000030 0.000083 0.000501 0.000000 0.000001 0.000085
36 0.4974733E+06   4.0000 2.677 4.231 0.756000 0.243100 0.000005 0.000044 0.000017 0.000188 0.000501 0.000000 0.000001 0.000085
37 0.5228238E+06   4.0000 2.676 4.247 0.756000 0.243100 0.000002 0.000005 0.000002 0.000251 0.000501 0.000001 0.000000 0.000085
38 0.5481743E+06   4.0000 2.674 4.261 0.755900 0.243100 0.000001 0.000002 0.000001 0.000255 0.000500 0.000002 0.000000 0.000085
39 0.5735247E+06   4.0000 2.672 4.274 0.755900 0.243100 0.000001 0.000002 0.000001 0.000256 0.000497 0.000003 0.000000 0.000085
40 0.5988752E+06   4.0000 2.669 4.285 0.755800 0.243200 0.000001 0.000003 0.000001 0.000261 0.000490 0.000004 0.000000 0.000085
41 0.6242257E+06   4.0000 2.665 4.295 0.755800 0.243200 0.000001 0.000003 0.000001 0.000263 0.000488 0.000003 0.000000 0.000085
42 0.6495762E+06   4.0000 2.652 4.300 0.755800 0.243300 0.000000 0.000003 0.000001 0.000268 0.000483 0.000003 0.000000 0.000085
43 0.6749266E+06   4.0000 2.627 4.302 0.755700 0.243300 0.000000 0.000003 0.000001 0.000273 0.000477 0.000002 0.000000 0.000085
44 0.7002771E+06   4.0000 2.594 4.300 0.755700 0.243400 0.000000 0.000003 0.000001 0.000279 0.000470 0.000002 0.000000 0.000085
45 0.7256276E+06   4.0000 2.558 4.295 0.755600 0.243400 0.000000 0.000003 0.000001 0.000286 0.000463 0.000002 0.000000 0.000085
46 0.7509780E+06   4.0000 2.528 4.290 0.755500 0.243500 0.000000 0.000003 0.000001 0.000293 0.000454 0.000002 0.000000 0.000085
47 0.7763285E+06   4.0000 2.508 4.287 0.755400 0.243600 0.000001 0.000003 0.000001 0.000300 0.000446 0.000002 0.000000 0.000085
48 0.8016790E+06   4.0000 2.497 4.284 0.755300 0.243700 0.000001 0.000003 0.000001 0.000307 0.000438 0.000002 0.000000 0.000085
49 0.8143542E+06   4.0000 2.494 4.283 0.755300 0.243700 0.000001 0.000003 0.000001 0.000311 0.000434 0.000002 0.000000 0.000085
50 0.8206918E+06   4.0000 2.493 4.283 0.755300 0.243800 0.000001 0.000003 0.000001 0.000312 0.000432 0.000002 0.000000 0.000085
51 0.8270294E+06   4.0000 2.493 4.283 0.755300 0.243800 0.000001 0.000003 0.000001 0.000314 0.000430 0.000002 0.000000 0.000085

    3.00

 1 0.7004000E+05   0.7004 0.860 3.679 0.756000 0.243000 0.000083 0.000174 0.000003 0.000051 0.000501 0.000000 0.000001 0.000085
 2 0.8406673E+05   0.8649 0.924 3.691 0.756000 0.243000 0.000068 0.000174 0.000003 0.000051 0.000501 0.000000 0.000001 0.000085
 3 0.1146426E+06   1.2313 0.978 3.709 0.756000 0.243000 0.000068 0.000174 0.000003 0.000051 0.000501 0.000000 0.000001 0.000085
 4 0.1453578E+06   1.6139 0.995 3.723 0.756000 0.243000 0.000070 0.000174 0.000003 0.000051 0.000501 0.000000 0.000001 0.000085
 5 0.1759020E+06   2.0110 1.005 3.735 0.756000 0.243000 0.000072 0.000174 0.000003 0.000051 0.000501 0.000000 0.000001 0.000085
 6 0.2063226E+06   2.4233 1.060 3.747 0.756000 0.243000 0.000072 0.000174 0.000003 0.000051 0.000501 0.000000 0.000001 0.000085
 7 0.2236883E+06   2.6670 1.129 3.757 0.756000 0.243000 0.000072 0.000174 0.000003 0.000051 0.000501 0.000000 0.000001 0.000085
 8 0.2347791E+06   2.8256 1.190 3.762 0.756000 0.243000 0.000072 0.000174 0.000003 0.000051 0.000501 0.000000 0.000001 0.000085
 9 0.2442855E+06   2.9634 1.256 3.767 0.756000 0.243000 0.000072 0.000174 0.000003 0.000051 0.000501 0.000000 0.000001 0.000085
10 0.2493556E+06   3.0005 1.329 3.772 0.756000 0.243000 0.000072 0.000174 0.000003 0.000051 0.000501 0.000000 0.000001 0.000085
11 0.2522075E+06   3.0005 1.419 3.779 0.756000 0.243000 0.000072 0.000174 0.000003 0.000051 0.000501 0.000000 0.000001 0.000085
12 0.2531582E+06   3.0005 1.481 3.783 0.756000 0.243000 0.000072 0.000174 0.000003 0.000051 0.000501 0.000000 0.000001 0.000085
13 0.2550595E+06   3.0005 1.551 3.788 0.756000 0.243000 0.000072 0.000174 0.000003 0.000051 0.000501 0.000000 0.000001 0.000085
14 0.2579114E+06   3.0005 1.617 3.793 0.756000 0.243000 0.000072 0.000174 0.000003 0.000051 0.000501 0.000000 0.000001 0.000085
15 0.2623477E+06   3.0005 1.683 3.798 0.756000 0.243000 0.000072 0.000174 0.000003 0.000051 0.000501 0.000000 0.000001 0.000085
16 0.2680516E+06   3.0005 1.746 3.806 0.756000 0.243000 0.000072 0.000174 0.000003 0.000051 0.000501 0.000000 0.000001 0.000085
17 0.2769242E+06   3.0005 1.809 3.815 0.756000 0.243000 0.000072 0.000174 0.000003 0.000051 0.000501 0.000000 0.000001 0.000085
18 0.2895995E+06   3.0005 1.870 3.828 0.756000 0.243000 0.000072 0.000174 0.000003 0.000051 0.000501 0.000000 0.000001 0.000085
19 0.3111474E+06   3.0005 1.935 3.847 0.756000 0.243000 0.000072 0.000174 0.000003 0.000051 0.000501 0.000000 0.000001 0.000085
20 0.3377654E+06   3.0005 1.988 3.869 0.756000 0.243000 0.000072 0.000174 0.000003 0.000051 0.000501 0.000000 0.000001 0.000085
21 0.3691366E+06   3.0005 2.034 3.893 0.756000 0.243000 0.000072 0.000174 0.000003 0.000051 0.000501 0.000000 0.000001 0.000085
22 0.4011415E+06   3.0005 2.069 3.916 0.756000 0.243000 0.000072 0.000174 0.000003 0.000051 0.000501 0.000000 0.000001 0.000085
23 0.4328296E+06   3.0005 2.098 3.939 0.756000 0.243000 0.000072 0.000174 0.000003 0.000051 0.000501 0.000000 0.000001 0.000085
24 0.4645177E+06   3.0005 2.123 3.962 0.756000 0.243000 0.000072 0.000174 0.000003 0.000051 0.000501 0.000000 0.000001 0.000085
25 0.4962058E+06   3.0005 2.145 3.983 0.756000 0.243000 0.000072 0.000174 0.000003 0.000051 0.000501 0.000000 0.000001 0.000085
26 0.5278939E+06   3.0005 2.164 4.004 0.756000 0.243000 0.000072 0.000174 0.000003 0.000051 0.000501 0.000000 0.000001 0.000085
27 0.5595820E+06   3.0005 2.181 4.025 0.756000 0.243000 0.000072 0.000174 0.000003 0.000051 0.000501 0.000000 0.000001 0.000085
28 0.5912701E+06   3.0005 2.195 4.044 0.756000 0.243000 0.000072 0.000174 0.000003 0.000051 0.000501 0.000000 0.000001 0.000085
29 0.6229582E+06   3.0005 2.208 4.062 0.756000 0.243000 0.000072 0.000174 0.000003 0.000052 0.000501 0.000000 0.000001 0.000085
30 0.6578151E+06   3.0005 2.220 4.082 0.756000 0.243000 0.000069 0.000173 0.000003 0.000052 0.000501 0.000000 0.000001 0.000085
31 0.6958408E+06   3.0005 2.230 4.102 0.756000 0.243000 0.000059 0.000172 0.000005 0.000052 0.000501 0.000000 0.000001 0.000085
32 0.7338665E+06   3.0005 2.237 4.120 0.756000 0.243000 0.000039 0.000165 0.000011 0.000053 0.000501 0.000000 0.000001 0.000085
33 0.7718922E+06   3.0005 2.243 4.137 0.756000 0.243000 0.000020 0.000145 0.000024 0.000063 0.000501 0.000000 0.000001 0.000085
34 0.8099179E+06   3.0005 2.243 4.152 0.756000 0.243100 0.000010 0.000096 0.000031 0.000112 0.000501 0.000000 0.000001 0.000085
35 0.8511124E+06   3.0005 2.244 4.167 0.756000 0.243100 0.000005 0.000030 0.000012 0.000209 0.000501 0.000000 0.000001 0.000085
36 0.8891381E+06   3.0005 2.242 4.179 0.755900 0.243100 0.000003 0.000005 0.000002 0.000251 0.000501 0.000001 0.000000 0.000085
37 0.9271638E+06   3.0005 2.238 4.190 0.755900 0.243100 0.000002 0.000002 0.000001 0.000255 0.000500 0.000001 0.000000 0.000085
38 0.9651895E+06   3.0005 2.236 4.200 0.755900 0.243100 0.000002 0.000002 0.000001 0.000255 0.000499 0.000002 0.000000 0.000085
39 0.1003215E+07   3.0005 2.233 4.210 0.755800 0.243200 0.000001 0.000002 0.000001 0.000256 0.000496 0.000005 0.000000 0.000085
40 0.1041241E+07   3.0005 2.230 4.218 0.755800 0.243300 0.000001 0.000002 0.000001 0.000258 0.000492 0.000006 0.000000 0.000085
41 0.1079267E+07   3.0005 2.224 4.224 0.755800 0.243300 0.000001 0.000002 0.000001 0.000260 0.000491 0.000006 0.000000 0.000085
42 0.1110955E+07   3.0005 2.216 4.228 0.755700 0.243300 0.000001 0.000002 0.000001 0.000262 0.000488 0.000005 0.000000 0.000085
43 0.1148980E+07   3.0005 2.201 4.231 0.755700 0.243300 0.000001 0.000002 0.000001 0.000265 0.000485 0.000004 0.000000 0.000085
44 0.1187006E+07   3.0005 2.180 4.231 0.755700 0.243400 0.000001 0.000003 0.000001 0.000269 0.000481 0.000004 0.000000 0.000085
45 0.1225032E+07   3.0005 2.155 4.229 0.755600 0.243400 0.000001 0.000003 0.000001 0.000272 0.000477 0.000004 0.000000 0.000085
46 0.1263058E+07   3.0005 2.129 4.226 0.755600 0.243500 0.000001 0.000003 0.000001 0.000276 0.000473 0.000004 0.000000 0.000085
47 0.1301083E+07   3.0005 2.106 4.223 0.755500 0.243500 0.000001 0.000003 0.000001 0.000280 0.000468 0.000004 0.000000 0.000085
48 0.1339109E+07   3.0005 2.088 4.220 0.755400 0.243600 0.000001 0.000003 0.000001 0.000284 0.000463 0.000004 0.000000 0.000085
49 0.1377135E+07   3.0005 2.075 4.217 0.755400 0.243700 0.000001 0.000003 0.000001 0.000289 0.000458 0.000004 0.000000 0.000085
50 0.1415160E+07   3.0005 2.066 4.216 0.755300 0.243800 0.000001 0.000003 0.000001 0.000293 0.000453 0.000004 0.000000 0.000085
51 0.1434173E+07   3.0005 2.063 4.215 0.755200 0.243800 0.000001 0.000003 0.000001 0.000296 0.000450 0.000004 0.000000 0.000085

    2.50

 1 0.7004000E+05   0.7004 0.860 3.679 0.756000 0.243000 0.000083 0.000174 0.000003 0.000051 0.000501 0.000000 0.000001 0.000085
 2 0.8406673E+05   0.8649 0.924 3.691 0.756000 0.243000 0.000068 0.000174 0.000003 0.000051 0.000501 0.000000 0.000001 0.000085
 3 0.1153714E+06   1.2402 0.981 3.710 0.756000 0.243000 0.000068 0.000174 0.000003 0.000051 0.000501 0.000000 0.000001 0.000085
 4 0.1583626E+06   1.7808 1.001 3.729 0.756000 0.243000 0.000071 0.000174 0.000003 0.000051 0.000501 0.000000 0.000001 0.000085
 5 0.2075901E+06   2.4409 1.064 3.748 0.756000 0.243000 0.000072 0.000174 0.000003 0.000051 0.000501 0.000000 0.000001 0.000085
 6 0.2503063E+06   2.5000 1.127 3.753 0.756000 0.243000 0.000072 0.000174 0.000003 0.000051 0.000501 0.000000 0.000001 0.000085
 7 0.2845294E+06   2.5000 1.192 3.757 0.756000 0.243000 0.000072 0.000174 0.000003 0.000051 0.000501 0.000000 0.000001 0.000085
 8 0.3098798E+06   2.5000 1.259 3.760 0.756000 0.243000 0.000072 0.000174 0.000003 0.000051 0.000501 0.000000 0.000001 0.000085
 9 0.3288927E+06   2.5000 1.328 3.764 0.756000 0.243000 0.000072 0.000174 0.000003 0.000051 0.000501 0.000000 0.000001 0.000085
10 0.3415679E+06   2.5000 1.396 3.767 0.756000 0.243000 0.000072 0.000174 0.000003 0.000051 0.000501 0.000000 0.000001 0.000085
11 0.3605808E+06   2.5000 1.480 3.772 0.756000 0.243000 0.000072 0.000174 0.000003 0.000051 0.000501 0.000000 0.000001 0.000085
12 0.3859313E+06   2.5000 1.541 3.777 0.756000 0.243000 0.000072 0.000174 0.000003 0.000051 0.000501 0.000000 0.000001 0.000085
13 0.4302946E+06   2.5000 1.608 3.786 0.756000 0.243000 0.000072 0.000174 0.000003 0.000051 0.000501 0.000000 0.000001 0.000085
14 0.4936708E+06   2.5000 1.671 3.801 0.756000 0.243000 0.000072 0.000174 0.000003 0.000051 0.000501 0.000000 0.000001 0.000085
15 0.5475405E+06   2.5000 1.714 3.822 0.756000 0.243000 0.000072 0.000174 0.000003 0.000051 0.000501 0.000000 0.000001 0.000085
16 0.5950726E+06   2.5000 1.746 3.844 0.756000 0.243000 0.000072 0.000174 0.000003 0.000051 0.000501 0.000000 0.000001 0.000085
17 0.6426048E+06   2.5000 1.776 3.866 0.756000 0.243000 0.000072 0.000174 0.000003 0.000051 0.000501 0.000000 0.000001 0.000085
18 0.6901369E+06   2.5000 1.802 3.888 0.756000 0.243000 0.000072 0.000174 0.000003 0.000051 0.000501 0.000000 0.000001 0.000085
19 0.7376690E+06   2.5000 1.827 3.910 0.756000 0.243000 0.000072 0.000174 0.000003 0.000051 0.000501 0.000000 0.000001 0.000085
20 0.7852012E+06   2.5000 1.850 3.931 0.756000 0.243000 0.000072 0.000174 0.000003 0.000051 0.000501 0.000000 0.000001 0.000085
21 0.8327333E+06   2.5000 1.871 3.952 0.756000 0.243000 0.000072 0.000174 0.000003 0.000051 0.000501 0.000000 0.000001 0.000085
22 0.8802654E+06   2.5000 1.889 3.972 0.756000 0.243000 0.000072 0.000174 0.000003 0.000051 0.000501 0.000000 0.000001 0.000085
23 0.9341352E+06   2.5000 1.908 3.994 0.756000 0.243000 0.000073 0.000174 0.000003 0.000051 0.000501 0.000000 0.000001 0.000085
24 0.9975114E+06   2.5000 1.924 4.018 0.756000 0.243000 0.000073 0.000173 0.000003 0.000052 0.000501 0.000000 0.000001 0.000085
25 0.1060888E+07   2.5000 1.939 4.042 0.756000 0.243000 0.000069 0.000173 0.000003 0.000052 0.000501 0.000000 0.000001 0.000085
26 0.1124264E+07   2.5000 1.949 4.063 0.756000 0.243000 0.000054 0.000170 0.000006 0.000052 0.000501 0.000000 0.000001 0.000085
27 0.1187640E+07   2.5000 1.956 4.083 0.756000 0.243000 0.000030 0.000159 0.000016 0.000055 0.000501 0.000000 0.000001 0.000085
28 0.1266860E+07   2.5000 1.959 4.104 0.756000 0.243100 0.000012 0.000108 0.000031 0.000097 0.000501 0.000000 0.000001 0.000085
29 0.1346080E+07   2.5000 1.957 4.123 0.756000 0.243100 0.000006 0.000027 0.000011 0.000214 0.000501 0.000000 0.000001 0.000085
30 0.1425301E+07   2.5000 1.952 4.138 0.755900 0.243100 0.000004 0.000002 0.000001 0.000255 0.000501 0.000001 0.000000 0.000085
31 0.1504521E+07   2.5000 1.946 4.152 0.755900 0.243200 0.000003 0.000002 0.000001 0.000255 0.000500 0.000002 0.000000 0.000085
32 0.1583741E+07   2.5000 1.939 4.163 0.755800 0.243300 0.000002 0.000002 0.000001 0.000256 0.000496 0.000005 0.000000 0.000085
33 0.1662961E+07   2.5000 1.931 4.172 0.755700 0.243300 0.000002 0.000002 0.000001 0.000256 0.000494 0.000006 0.000000 0.000085
34 0.1742181E+07   2.5000 1.918 4.179 0.755700 0.243400 0.000001 0.000002 0.000001 0.000258 0.000492 0.000006 0.000000 0.000085
35 0.1821402E+07   2.5000 1.897 4.181 0.755600 0.243400 0.000001 0.000002 0.000001 0.000260 0.000489 0.000006 0.000000 0.000085
36 0.1891115E+07   2.5000 1.872 4.181 0.755600 0.243500 0.000001 0.000002 0.000001 0.000263 0.000486 0.000006 0.000000 0.000085
37 0.1957660E+07   2.5000 1.846 4.178 0.755500 0.243500 0.000001 0.000002 0.000001 0.000267 0.000481 0.000006 0.000000 0.000085
38 0.2024205E+07   2.5000 1.821 4.175 0.755400 0.243600 0.000001 0.000002 0.000001 0.000271 0.000477 0.000006 0.000000 0.000085
39 0.2090750E+07   2.5000 1.801 4.172 0.755400 0.243700 0.000001 0.000002 0.000001 0.000274 0.000473 0.000006 0.000000 0.000085
40 0.2157295E+07   2.5000 1.787 4.169 0.755300 0.243800 0.000001 0.000002 0.000001 0.000278 0.000468 0.000007 0.000000 0.000085
41 0.2223840E+07   2.5000 1.779 4.167 0.755200 0.243900 0.000001 0.000002 0.000001 0.000282 0.000463 0.000007 0.000000 0.000085
42 0.2290385E+07   2.5000 1.775 4.166 0.755100 0.244000 0.000001 0.000002 0.000001 0.000286 0.000459 0.000007 0.000000 0.000085
43 0.2312567E+07   2.5000 1.774 4.166 0.755100 0.244000 0.000001 0.000002 0.000001 0.000287 0.000457 0.000007 0.000000 0.000085
44 0.2334749E+07   2.5000 1.774 4.166 0.755000 0.244000 0.000001 0.000003 0.000001 0.000289 0.000456 0.000007 0.000000 0.000085
45 0.2356930E+07   2.5000 1.774 4.166 0.755000 0.244000 0.000001 0.000003 0.000001 0.000290 0.000454 0.000007 0.000000 0.000085
46 0.2379112E+07   2.5000 1.774 4.166 0.755000 0.244100 0.000001 0.000003 0.000001 0.000291 0.000453 0.000007 0.000000 0.000085
47 0.2401294E+07   2.5000 1.774 4.165 0.754900 0.244100 0.000001 0.000003 0.000001 0.000292 0.000452 0.000007 0.000000 0.000085
48 0.2423475E+07   2.5000 1.774 4.165 0.754900 0.244100 0.000001 0.000003 0.000001 0.000293 0.000450 0.000007 0.000000 0.000085
49 0.2445657E+07   2.5000 1.775 4.165 0.754900 0.244200 0.000001 0.000003 0.000001 0.000295 0.000449 0.000007 0.000000 0.000085
50 0.2467839E+07   2.5000 1.775 4.165 0.754900 0.244200 0.000001 0.000003 0.000001 0.000296 0.000448 0.000007 0.000000 0.000085
51 0.2490020E+07   2.5000 1.775 4.165 0.754800 0.244200 0.000001 0.000003 0.000001 0.000297 0.000446 0.000007 0.000000 0.000085

    2.00

 1 0.7004000E+05   0.7004 0.860 3.679 0.756000 0.243000 0.000083 0.000174 0.000003 0.000051 0.000501 0.000000 0.000001 0.000085
 2 0.8126234E+05   0.8319 0.904 3.688 0.756000 0.243000 0.000068 0.000174 0.000003 0.000051 0.000501 0.000000 0.000001 0.000085
 3 0.9426079E+05   0.9855 0.954 3.698 0.756000 0.243000 0.000067 0.000174 0.000003 0.000051 0.000501 0.000000 0.000001 0.000085
 4 0.1117273E+06   1.1958 0.977 3.708 0.756000 0.243000 0.000068 0.000174 0.000003 0.000051 0.000501 0.000000 0.000001 0.000085
 5 0.1304961E+06   1.4270 0.994 3.718 0.756000 0.243000 0.000070 0.000174 0.000003 0.000051 0.000501 0.000000 0.000001 0.000085
 6 0.1583626E+06   1.7808 1.001 3.729 0.756000 0.243000 0.000071 0.000174 0.000003 0.000051 0.000501 0.000000 0.000001 0.000085
 7 0.2806153E+06   2.0007 1.002 3.739 0.756000 0.243000 0.000072 0.000174 0.000003 0.000051 0.000501 0.000000 0.000001 0.000085
 8 0.5182759E+06   2.0007 1.030 3.748 0.756000 0.243000 0.000072 0.000174 0.000003 0.000051 0.000501 0.000000 0.000001 0.000085
 9 0.6925604E+06   2.0007 1.094 3.758 0.756000 0.243000 0.000072 0.000174 0.000003 0.000051 0.000501 0.000000 0.000001 0.000085
10 0.7939623E+06   2.0007 1.156 3.763 0.756000 0.243000 0.000072 0.000174 0.000003 0.000051 0.000501 0.000000 0.000001 0.000085
11 0.8700137E+06   2.0007 1.219 3.769 0.756000 0.243000 0.000072 0.000174 0.000003 0.000051 0.000501 0.000000 0.000001 0.000085
12 0.9840909E+06   2.0007 1.290 3.779 0.756000 0.243000 0.000072 0.000174 0.000003 0.000051 0.000501 0.000000 0.000001 0.000085
13 0.1079155E+07   2.0007 1.334 3.789 0.756000 0.243000 0.000072 0.000174 0.000003 0.000051 0.000501 0.000000 0.000001 0.000085
14 0.1174219E+07   2.0007 1.373 3.799 0.756000 0.243000 0.000072 0.000174 0.000003 0.000051 0.000501 0.000000 0.000001 0.000085
15 0.1250271E+07   2.0007 1.401 3.811 0.756000 0.243000 0.000072 0.000174 0.000003 0.000051 0.000501 0.000000 0.000001 0.000085
16 0.1307309E+07   2.0007 1.421 3.822 0.756000 0.243000 0.000072 0.000174 0.000003 0.000051 0.000501 0.000000 0.000001 0.000085
17 0.1364348E+07   2.0007 1.439 3.835 0.756000 0.243000 0.000072 0.000174 0.000003 0.000051 0.000501 0.000000 0.000001 0.000085
18 0.1421386E+07   2.0007 1.457 3.849 0.756000 0.243000 0.000072 0.000174 0.000003 0.000051 0.000501 0.000000 0.000001 0.000085
19 0.1459412E+07   2.0007 1.468 3.859 0.756000 0.243000 0.000072 0.000174 0.000003 0.000051 0.000501 0.000000 0.000001 0.000085
20 0.1497438E+07   2.0007 1.479 3.869 0.756000 0.243000 0.000072 0.000174 0.000003 0.000051 0.000501 0.000000 0.000001 0.000085
21 0.1554476E+07   2.0007 1.493 3.883 0.756000 0.243000 0.000072 0.000174 0.000003 0.000051 0.000501 0.000000 0.000001 0.000085
22 0.1592502E+07   2.0007 1.504 3.893 0.756000 0.243000 0.000073 0.000174 0.000003 0.000051 0.000501 0.000000 0.000001 0.000085
23 0.1630528E+07   2.0007 1.512 3.902 0.756000 0.243000 0.000073 0.000174 0.000003 0.000051 0.000501 0.000000 0.000001 0.000085
24 0.1687566E+07   2.0007 1.525 3.915 0.756000 0.243000 0.000073 0.000174 0.000003 0.000051 0.000501 0.000000 0.000001 0.000085
25 0.1725592E+07   2.0007 1.534 3.925 0.756000 0.243000 0.000074 0.000174 0.000003 0.000051 0.000501 0.000000 0.000001 0.000085
26 0.1763618E+07   2.0007 1.542 3.934 0.756000 0.243000 0.000074 0.000174 0.000003 0.000051 0.000501 0.000000 0.000001 0.000085
27 0.1820656E+07   2.0007 1.551 3.946 0.756000 0.243000 0.000075 0.000174 0.000003 0.000051 0.000501 0.000000 0.000001 0.000085
28 0.1877695E+07   2.0007 1.561 3.959 0.756000 0.243000 0.000075 0.000174 0.000003 0.000052 0.000501 0.000000 0.000001 0.000085
29 0.1934733E+07   2.0007 1.570 3.971 0.756000 0.243000 0.000075 0.000173 0.000003 0.000052 0.000501 0.000000 0.000001 0.000085
30 0.1991772E+07   2.0007 1.577 3.983 0.756000 0.243000 0.000073 0.000173 0.000003 0.000052 0.000501 0.000000 0.000001 0.000085
31 0.2048811E+07   2.0007 1.584 3.995 0.756000 0.243000 0.000067 0.000172 0.000004 0.000052 0.000501 0.000000 0.000001 0.000085
32 0.2105849E+07   2.0007 1.590 4.006 0.756000 0.243000 0.000057 0.000170 0.000006 0.000052 0.000501 0.000000 0.000001 0.000085
33 0.2162888E+07   2.0007 1.595 4.017 0.756000 0.243000 0.000043 0.000166 0.000010 0.000053 0.000501 0.000000 0.000001 0.000085
34 0.2238939E+07   2.0007 1.596 4.029 0.756000 0.243100 0.000027 0.000154 0.000019 0.000057 0.000501 0.000000 0.000001 0.000085
35 0.2299146E+07   2.0007 1.597 4.039 0.756000 0.243100 0.000019 0.000134 0.000028 0.000071 0.000501 0.000000 0.000001 0.000085
36 0.2365691E+07   2.0007 1.598 4.049 0.756000 0.243100 0.000013 0.000100 0.000031 0.000107 0.000501 0.000000 0.000001 0.000085
37 0.2454418E+07   2.0007 1.595 4.060 0.755900 0.243100 0.000009 0.000044 0.000018 0.000188 0.000501 0.000000 0.000001 0.000085
38 0.2543145E+07   2.0007 1.590 4.070 0.755900 0.243100 0.000007 0.000009 0.000004 0.000243 0.000501 0.000000 0.000001 0.000085
39 0.2654053E+07   2.0007 1.581 4.081 0.755800 0.243200 0.000005 0.000002 0.000001 0.000255 0.000501 0.000001 0.000000 0.000085
40 0.2783974E+07   2.0007 1.571 4.091 0.755800 0.243300 0.000004 0.000002 0.000001 0.000256 0.000500 0.000002 0.000000 0.000085
41 0.2942415E+07   2.0007 1.557 4.101 0.755600 0.243400 0.000003 0.000002 0.000001 0.000255 0.000497 0.000004 0.000000 0.000085
42 0.3164231E+07   2.0007 1.533 4.110 0.755600 0.243500 0.000003 0.000002 0.000001 0.000256 0.000496 0.000005 0.000000 0.000085
43 0.3512800E+07   2.0007 1.478 4.110 0.755400 0.243700 0.000002 0.000002 0.000001 0.000258 0.000491 0.000008 0.000000 0.000085
44 0.3908901E+07   2.0007 1.431 4.104 0.755100 0.244000 0.000002 0.000002 0.000001 0.000262 0.000483 0.000011 0.000000 0.000085
45 0.4305002E+07   2.0007 1.418 4.101 0.754700 0.244300 0.000003 0.000002 0.000001 0.000268 0.000474 0.000014 0.000000 0.000085
46 0.4384223E+07   2.0007 1.418 4.101 0.754700 0.244400 0.000003 0.000002 0.000001 0.000269 0.000472 0.000014 0.000000 0.000085
47 0.4463443E+07   2.0007 1.418 4.101 0.754600 0.244400 0.000003 0.000002 0.000001 0.000270 0.000471 0.000015 0.000000 0.000085
48 0.4542663E+07   2.0007 1.418 4.101 0.754500 0.244500 0.000003 0.000002 0.000001 0.000271 0.000469 0.000015 0.000000 0.000085
49 0.4621883E+07   2.0007 1.418 4.101 0.754500 0.244600 0.000003 0.000002 0.000001 0.000272 0.000467 0.000015 0.000000 0.000085
50 0.4701104E+07   2.0007 1.419 4.101 0.754400 0.244600 0.000003 0.000002 0.000001 0.000273 0.000466 0.000015 0.000000 0.000085
51 0.4780324E+07   2.0007 1.419 4.101 0.754300 0.244700 0.000003 0.000002 0.000001 0.000275 0.000464 0.000016 0.000000 0.000085

    1.70

 1 0.7004000E+05   0.7004 0.860 3.679 0.756000 0.243000 0.000083 0.000174 0.000003 0.000051 0.000501 0.000000 0.000001 0.000085
 2 0.8126234E+05   0.8319 0.904 3.688 0.756000 0.243000 0.000068 0.000174 0.000003 0.000051 0.000501 0.000000 0.000001 0.000085
 3 0.9426079E+05   0.9855 0.954 3.698 0.756000 0.243000 0.000067 0.000174 0.000003 0.000051 0.000501 0.000000 0.000001 0.000085
 4 0.1117273E+06   1.1958 0.977 3.708 0.756000 0.243000 0.000068 0.000174 0.000003 0.000051 0.000501 0.000000 0.000001 0.000085
 5 0.1304961E+06   1.4270 0.994 3.718 0.756000 0.243000 0.000070 0.000174 0.000003 0.000051 0.000501 0.000000 0.000001 0.000085
 6 0.2436036E+06   1.7000 0.947 3.728 0.756000 0.243000 0.000071 0.000174 0.000003 0.000051 0.000501 0.000000 0.000001 0.000085
 7 0.4210569E+06   1.7000 0.885 3.732 0.756000 0.243000 0.000071 0.000174 0.000003 0.000051 0.000501 0.000000 0.000001 0.000085
 8 0.7014965E+06   1.7000 0.833 3.738 0.756000 0.243000 0.000071 0.000174 0.000003 0.000051 0.000501 0.000000 0.000001 0.000085
 9 0.9771829E+06   1.7000 0.830 3.745 0.756000 0.243000 0.000071 0.000174 0.000003 0.000051 0.000501 0.000000 0.000001 0.000085
10 0.1244947E+07   1.7000 0.873 3.755 0.756000 0.243000 0.000071 0.000174 0.000003 0.000051 0.000501 0.000000 0.000001 0.000085
11 0.1450920E+07   1.7000 0.937 3.764 0.756000 0.243000 0.000071 0.000174 0.000003 0.000051 0.000501 0.000000 0.000001 0.000085
12 0.1595101E+07   1.7000 1.000 3.771 0.756000 0.243000 0.000071 0.000174 0.000003 0.000051 0.000501 0.000000 0.000001 0.000085
13 0.1739281E+07   1.7000 1.061 3.780 0.756000 0.243000 0.000071 0.000174 0.000003 0.000051 0.000501 0.000000 0.000001 0.000085
14 0.1883462E+07   1.7000 1.102 3.789 0.756000 0.243000 0.000071 0.000174 0.000003 0.000051 0.000501 0.000000 0.000001 0.000085
15 0.2056162E+07   1.7000 1.145 3.800 0.756000 0.243000 0.000071 0.000174 0.000003 0.000051 0.000501 0.000000 0.000001 0.000085
16 0.2176577E+07   1.7000 1.171 3.810 0.756000 0.243000 0.000071 0.000174 0.000003 0.000051 0.000501 0.000000 0.000001 0.000085
17 0.2296992E+07   1.7000 1.195 3.823 0.756000 0.243000 0.000071 0.000174 0.000003 0.000051 0.000501 0.000000 0.000001 0.000085
18 0.2387303E+07   1.7000 1.210 3.835 0.756000 0.243000 0.000072 0.000174 0.000003 0.000051 0.000501 0.000000 0.000001 0.000085
19 0.2477614E+07   1.7000 1.227 3.848 0.756000 0.243000 0.000072 0.000174 0.000003 0.000051 0.000501 0.000000 0.000001 0.000085
20 0.2537821E+07   1.7000 1.236 3.858 0.756000 0.243000 0.000073 0.000174 0.000003 0.000051 0.000501 0.000000 0.000001 0.000085
21 0.2628132E+07   1.7000 1.249 3.872 0.756000 0.243000 0.000074 0.000174 0.000003 0.000051 0.000501 0.000000 0.000001 0.000085
22 0.2718443E+07   1.7000 1.261 3.885 0.756000 0.243000 0.000075 0.000174 0.000003 0.000051 0.000501 0.000000 0.000001 0.000085
23 0.2778651E+07   1.7000 1.269 3.894 0.756000 0.243000 0.000076 0.000174 0.000003 0.000051 0.000501 0.000000 0.000001 0.000085
24 0.2868962E+07   1.7000 1.280 3.908 0.756000 0.243000 0.000077 0.000174 0.000003 0.000051 0.000501 0.000000 0.000001 0.000085
25 0.2959273E+07   1.7000 1.290 3.921 0.756000 0.243000 0.000078 0.000173 0.000003 0.000052 0.000501 0.000000 0.000001 0.000085
26 0.3049584E+07   1.7000 1.299 3.933 0.756000 0.243000 0.000078 0.000173 0.000003 0.000052 0.000501 0.000000 0.000001 0.000085
27 0.3139895E+07   1.7000 1.307 3.945 0.756000 0.243000 0.000075 0.000173 0.000004 0.000052 0.000501 0.000000 0.000001 0.000085
28 0.3230206E+07   1.7000 1.313 3.957 0.756000 0.243000 0.000066 0.000171 0.000005 0.000052 0.000501 0.000000 0.000001 0.000085
29 0.3320517E+07   1.7000 1.319 3.968 0.756000 0.243000 0.000052 0.000168 0.000008 0.000052 0.000501 0.000000 0.000001 0.000085
30 0.3410828E+07   1.7000 1.322 3.978 0.756000 0.243100 0.000038 0.000161 0.000014 0.000054 0.000501 0.000000 0.000001 0.000085
31 0.3501139E+07   1.7000 1.325 3.988 0.756000 0.243100 0.000027 0.000148 0.000022 0.000061 0.000501 0.000000 0.000001 0.000085
32 0.3621554E+07   1.7000 1.325 4.000 0.755900 0.243100 0.000018 0.000115 0.000032 0.000089 0.000501 0.000000 0.000001 0.000085
33 0.3741968E+07   1.7000 1.322 4.010 0.755900 0.243100 0.000013 0.000066 0.000025 0.000152 0.000501 0.000000 0.000001 0.000085
34 0.3862383E+07   1.7000 1.317 4.019 0.755900 0.243200 0.000010 0.000023 0.000010 0.000220 0.000501 0.000000 0.000001 0.000085
35 0.4012902E+07   1.7000 1.307 4.029 0.755800 0.243200 0.000008 0.000003 0.000001 0.000253 0.000501 0.000001 0.000000 0.000085
36 0.4193524E+07   1.7000 1.293 4.038 0.755700 0.243300 0.000006 0.000002 0.000000 0.000256 0.000500 0.000001 0.000000 0.000085
37 0.4469210E+07   1.7000 1.270 4.047 0.755600 0.243500 0.000004 0.000002 0.000001 0.000256 0.000499 0.000002 0.000000 0.000085
38 0.4754403E+07   1.7000 1.246 4.053 0.755500 0.243500 0.000004 0.000002 0.000001 0.000256 0.000499 0.000003 0.000000 0.000085
39 0.5039596E+07   1.7000 1.221 4.054 0.755400 0.243600 0.000004 0.000002 0.000001 0.000256 0.000498 0.000004 0.000000 0.000085
40 0.5324788E+07   1.7000 1.194 4.054 0.755300 0.243700 0.000004 0.000002 0.000001 0.000256 0.000497 0.000005 0.000000 0.000085
41 0.5609981E+07   1.7000 1.172 4.051 0.755100 0.243900 0.000004 0.000002 0.000001 0.000256 0.000495 0.000006 0.000000 0.000085
42 0.5895174E+07   1.7000 1.157 4.049 0.755000 0.244100 0.000004 0.000002 0.000001 0.000256 0.000493 0.000008 0.000000 0.000085
43 0.6180367E+07   1.7000 1.149 4.048 0.754800 0.244200 0.000004 0.000002 0.000001 0.000256 0.000491 0.000010 0.000000 0.000085
44 0.6465560E+07   1.7000 1.147 4.048 0.754600 0.244400 0.000004 0.000002 0.000001 0.000257 0.000489 0.000011 0.000000 0.000085
45 0.6560624E+07   1.7000 1.147 4.047 0.754600 0.244500 0.000004 0.000002 0.000001 0.000257 0.000489 0.000012 0.000000 0.000085
46 0.6655688E+07   1.7000 1.147 4.047 0.754500 0.244500 0.000004 0.000002 0.000001 0.000257 0.000488 0.000012 0.000000 0.000085
47 0.6750752E+07   1.7000 1.147 4.047 0.754500 0.244600 0.000004 0.000002 0.000001 0.000257 0.000487 0.000013 0.000000 0.000085
48 0.6845817E+07   1.7000 1.147 4.047 0.754400 0.244600 0.000004 0.000002 0.000001 0.000257 0.000487 0.000013 0.000000 0.000085
49 0.6940881E+07   1.7000 1.147 4.047 0.754300 0.244700 0.000004 0.000002 0.000001 0.000258 0.000486 0.000014 0.000000 0.000085
50 0.7035945E+07   1.7000 1.147 4.047 0.754300 0.244800 0.000004 0.000002 0.000001 0.000258 0.000486 0.000014 0.000000 0.000085
51 0.7131009E+07   1.7000 1.147 4.047 0.754200 0.244800 0.000004 0.000002 0.000001 0.000258 0.000485 0.000015 0.000000 0.000085

    1.50

 1 0.7004000E+05   0.7004 0.860 3.679 0.756000 0.243000 0.000083 0.000174 0.000003 0.000051 0.000501 0.000000 0.000001 0.000085
 2 0.8126234E+05   0.8319 0.904 3.688 0.756000 0.243000 0.000068 0.000174 0.000003 0.000051 0.000501 0.000000 0.000001 0.000085
 3 0.9426079E+05   0.9855 0.954 3.698 0.756000 0.243000 0.000067 0.000174 0.000003 0.000051 0.000501 0.000000 0.000001 0.000085
 4 0.1117273E+06   1.1958 0.977 3.708 0.756000 0.243000 0.000068 0.000174 0.000003 0.000051 0.000501 0.000000 0.000001 0.000085
 5 0.1304961E+06   1.4270 0.994 3.718 0.756000 0.243000 0.000070 0.000174 0.000003 0.000051 0.000501 0.000000 0.000001 0.000085
 6 0.2038224E+06   1.5001 0.933 3.721 0.756000 0.243000 0.000070 0.000174 0.000003 0.000051 0.000501 0.000000 0.000001 0.000085
 7 0.2925490E+06   1.5001 0.872 3.722 0.756000 0.243000 0.000070 0.000174 0.000003 0.000051 0.000501 0.000000 0.000001 0.000085
 8 0.4161325E+06   1.5001 0.810 3.723 0.756000 0.243000 0.000070 0.000174 0.000003 0.000051 0.000501 0.000000 0.000001 0.000085
 9 0.5793262E+06   1.5001 0.746 3.724 0.756000 0.243000 0.000070 0.000174 0.000003 0.000051 0.000501 0.000000 0.000001 0.000085
10 0.8676878E+06   1.5001 0.685 3.729 0.756000 0.243000 0.000070 0.000174 0.000003 0.000051 0.000501 0.000000 0.000001 0.000085
11 0.1266958E+07   1.5001 0.657 3.737 0.756000 0.243000 0.000070 0.000174 0.000003 0.000051 0.000501 0.000000 0.000001 0.000085
12 0.1658306E+07   1.5001 0.674 3.746 0.756000 0.243000 0.000070 0.000174 0.000003 0.000051 0.000501 0.000000 0.000001 0.000085
13 0.1929239E+07   1.5001 0.713 3.756 0.756000 0.243000 0.000070 0.000174 0.000003 0.000051 0.000501 0.000000 0.000001 0.000085
14 0.2230276E+07   1.5001 0.776 3.765 0.756000 0.243000 0.000070 0.000174 0.000003 0.000051 0.000501 0.000000 0.000001 0.000085
15 0.2471105E+07   1.5001 0.844 3.774 0.756000 0.243000 0.000070 0.000174 0.000003 0.000051 0.000501 0.000000 0.000001 0.000085
16 0.2681831E+07   1.5001 0.900 3.784 0.756000 0.243000 0.000070 0.000174 0.000003 0.000051 0.000501 0.000000 0.000001 0.000085
17 0.2892557E+07   1.5001 0.937 3.793 0.756000 0.243000 0.000071 0.000174 0.000003 0.000051 0.000501 0.000000 0.000001 0.000085
18 0.3103282E+07   1.5001 0.970 3.803 0.756000 0.243000 0.000071 0.000174 0.000003 0.000051 0.000501 0.000000 0.000001 0.000085
19 0.3283904E+07   1.5001 0.995 3.814 0.756000 0.243000 0.000072 0.000174 0.000003 0.000051 0.000501 0.000000 0.000001 0.000085
20 0.3434423E+07   1.5001 1.013 3.824 0.756000 0.243000 0.000073 0.000174 0.000003 0.000051 0.000501 0.000000 0.000001 0.000085
21 0.3554838E+07   1.5001 1.027 3.834 0.756000 0.243000 0.000074 0.000174 0.000003 0.000051 0.000501 0.000000 0.000001 0.000085
22 0.3675252E+07   1.5001 1.039 3.845 0.756000 0.243000 0.000075 0.000174 0.000003 0.000051 0.000501 0.000000 0.000001 0.000085
23 0.3795667E+07   1.5001 1.051 3.857 0.756000 0.243000 0.000077 0.000174 0.000003 0.000051 0.000501 0.000000 0.000001 0.000085
24 0.3885978E+07   1.5001 1.058 3.867 0.756000 0.243000 0.000079 0.000174 0.000003 0.000051 0.000501 0.000000 0.000001 0.000085
25 0.4006393E+07   1.5001 1.068 3.879 0.756000 0.243000 0.000081 0.000174 0.000003 0.000052 0.000501 0.000000 0.000001 0.000085
26 0.4126808E+07   1.5001 1.077 3.891 0.756000 0.243000 0.000083 0.000173 0.000003 0.000052 0.000501 0.000000 0.000001 0.000085
27 0.4228209E+07   1.5001 1.084 3.901 0.756000 0.243000 0.000083 0.000173 0.000003 0.000052 0.000501 0.000000 0.000001 0.000085
28 0.4351793E+07   1.5001 1.092 3.913 0.756000 0.243000 0.000080 0.000173 0.000004 0.000052 0.000501 0.000000 0.000001 0.000085
29 0.4475377E+07   1.5001 1.098 3.924 0.756000 0.243000 0.000070 0.000171 0.000005 0.000052 0.000501 0.000000 0.000001 0.000085
30 0.4598960E+07   1.5001 1.103 3.934 0.756000 0.243000 0.000055 0.000168 0.000009 0.000052 0.000501 0.000000 0.000001 0.000085
31 0.4722544E+07   1.5001 1.106 3.944 0.756000 0.243100 0.000040 0.000160 0.000015 0.000054 0.000501 0.000000 0.000001 0.000085
32 0.4887322E+07   1.5001 1.107 3.956 0.755900 0.243100 0.000026 0.000140 0.000026 0.000066 0.000501 0.000000 0.000001 0.000085
33 0.5052100E+07   1.5001 1.104 3.967 0.755900 0.243100 0.000019 0.000103 0.000032 0.000102 0.000501 0.000000 0.000001 0.000085
34 0.5258072E+07   1.5001 1.097 3.978 0.755800 0.243200 0.000014 0.000044 0.000018 0.000186 0.000501 0.000000 0.000001 0.000085
35 0.5505239E+07   1.5001 1.083 3.988 0.755800 0.243300 0.000010 0.000006 0.000002 0.000249 0.000501 0.000000 0.000001 0.000085
36 0.5875990E+07   1.5001 1.057 3.998 0.755600 0.243400 0.000007 0.000001 0.000000 0.000256 0.000500 0.000001 0.000000 0.000085
37 0.6287935E+07   1.5001 1.027 4.004 0.755500 0.243500 0.000006 0.000001 0.000000 0.000256 0.000500 0.000001 0.000000 0.000085
38 0.6722062E+07   1.5001 0.997 4.007 0.755400 0.243700 0.000006 0.000001 0.000000 0.000256 0.000500 0.000002 0.000000 0.000085
39 0.7165695E+07   1.5001 0.971 4.006 0.755200 0.243800 0.000006 0.000002 0.000000 0.000256 0.000499 0.000002 0.000000 0.000085
40 0.7609328E+07   1.5001 0.950 4.005 0.755100 0.244000 0.000006 0.000002 0.000000 0.000256 0.000499 0.000003 0.000000 0.000085
41 0.8052962E+07   1.5001 0.937 4.003 0.754900 0.244200 0.000006 0.000002 0.000000 0.000256 0.000498 0.000004 0.000000 0.000085
42 0.8559971E+07   1.5001 0.931 4.002 0.754600 0.244400 0.000006 0.000002 0.000000 0.000256 0.000497 0.000005 0.000000 0.000085
43 0.9066981E+07   1.5001 0.929 4.002 0.754400 0.244600 0.000006 0.000002 0.000000 0.000256 0.000495 0.000006 0.000000 0.000085
44 0.9573990E+07   1.5001 0.929 4.002 0.754200 0.244900 0.000006 0.000002 0.000000 0.000256 0.000494 0.000007 0.000000 0.000085
45 0.9764118E+07   1.5001 0.930 4.002 0.754100 0.245000 0.000006 0.000002 0.000000 0.000256 0.000494 0.000008 0.000000 0.000085
46 0.9954247E+07   1.5001 0.930 4.002 0.754000 0.245100 0.000006 0.000002 0.000000 0.000256 0.000494 0.000008 0.000000 0.000085
47 0.1014438E+08   1.5001 0.930 4.002 0.753900 0.245100 0.000006 0.000002 0.000000 0.000256 0.000493 0.000009 0.000000 0.000085
48 0.1033450E+08   1.5001 0.930 4.002 0.753800 0.245200 0.000006 0.000002 0.000000 0.000256 0.000493 0.000009 0.000000 0.000085
49 0.1052463E+08   1.5001 0.930 4.002 0.753700 0.245300 0.000006 0.000002 0.000000 0.000256 0.000492 0.000009 0.000000 0.000085
50 0.1071476E+08   1.5001 0.930 4.002 0.753600 0.245400 0.000006 0.000002 0.000000 0.000256 0.000492 0.000010 0.000000 0.000085
51 0.1090489E+08   1.5001 0.930 4.002 0.753500 0.245500 0.000006 0.000002 0.000000 0.000256 0.000492 0.000010 0.000000 0.000085

    1.25

 1 0.7004000E+05   0.7004 0.860 3.679 0.756000 0.243000 0.000083 0.000174 0.000003 0.000051 0.000501 0.000000 0.000001 0.000085
 2 0.8126234E+05   0.8319 0.904 3.688 0.756000 0.243000 0.000068 0.000174 0.000003 0.000051 0.000501 0.000000 0.000001 0.000085
 3 0.9426079E+05   0.9855 0.954 3.698 0.756000 0.243000 0.000067 0.000174 0.000003 0.000051 0.000501 0.000000 0.000001 0.000085
 4 0.1117273E+06   1.1958 0.977 3.708 0.756000 0.243000 0.000068 0.000174 0.000003 0.000051 0.000501 0.000000 0.000001 0.000085
 5 0.1682050E+06   1.2500 0.913 3.711 0.756000 0.243000 0.000068 0.000174 0.000003 0.000051 0.000501 0.000000 0.000001 0.000085
 6 0.2379187E+06   1.2500 0.840 3.712 0.756000 0.243000 0.000068 0.000174 0.000003 0.000051 0.000501 0.000000 0.000001 0.000085
 7 0.3139702E+06   1.2500 0.776 3.712 0.756000 0.243000 0.000068 0.000174 0.000003 0.000051 0.000501 0.000000 0.000001 0.000085
 8 0.4153720E+06   1.2500 0.713 3.713 0.756000 0.243000 0.000068 0.000174 0.000003 0.000051 0.000501 0.000000 0.000001 0.000085
 9 0.5294492E+06   1.2500 0.652 3.712 0.756000 0.243000 0.000068 0.000174 0.000003 0.000051 0.000501 0.000000 0.000001 0.000085
10 0.6815520E+06   1.2500 0.591 3.713 0.756000 0.243000 0.000068 0.000174 0.000003 0.000051 0.000501 0.000000 0.000001 0.000085
11 0.9033686E+06   1.2500 0.528 3.714 0.756000 0.243000 0.000068 0.000174 0.000003 0.000051 0.000501 0.000000 0.000001 0.000085
12 0.1226587E+07   1.2500 0.465 3.717 0.756000 0.243000 0.000068 0.000174 0.000003 0.000051 0.000501 0.000000 0.000001 0.000085
13 0.1581494E+07   1.2500 0.430 3.722 0.756000 0.243000 0.000068 0.000174 0.000003 0.000051 0.000501 0.000000 0.000001 0.000085
14 0.1930063E+07   1.2500 0.407 3.726 0.756000 0.243000 0.000068 0.000174 0.000003 0.000051 0.000501 0.000000 0.000001 0.000085
15 0.2278632E+07   1.2500 0.400 3.731 0.756000 0.243000 0.000068 0.000174 0.000003 0.000051 0.000501 0.000000 0.000001 0.000085
16 0.2658889E+07   1.2500 0.406 3.737 0.756000 0.243000 0.000068 0.000174 0.000003 0.000051 0.000501 0.000000 0.000001 0.000085
17 0.3039146E+07   1.2500 0.424 3.743 0.756000 0.243000 0.000068 0.000174 0.000003 0.000051 0.000501 0.000000 0.000001 0.000085
18 0.3419403E+07   1.2500 0.459 3.752 0.756000 0.243000 0.000068 0.000174 0.000003 0.000051 0.000501 0.000000 0.000001 0.000085
19 0.3799660E+07   1.2500 0.502 3.761 0.756000 0.243000 0.000069 0.000174 0.000003 0.000051 0.000501 0.000000 0.000001 0.000085
20 0.4179917E+07   1.2500 0.551 3.770 0.756000 0.243000 0.000069 0.000174 0.000003 0.000051 0.000501 0.000000 0.000001 0.000085
21 0.4560174E+07   1.2500 0.609 3.780 0.756000 0.243000 0.000070 0.000174 0.000003 0.000051 0.000501 0.000000 0.000001 0.000085
22 0.4940431E+07   1.2500 0.651 3.790 0.756000 0.243000 0.000071 0.000174 0.000003 0.000051 0.000501 0.000000 0.000001 0.000085
23 0.5320688E+07   1.2500 0.682 3.800 0.756000 0.243000 0.000073 0.000174 0.000003 0.000051 0.000501 0.000000 0.000001 0.000085
24 0.5637569E+07   1.2500 0.706 3.810 0.756000 0.243000 0.000077 0.000174 0.000003 0.000051 0.000501 0.000000 0.000001 0.000085
25 0.5954450E+07   1.2500 0.725 3.820 0.756000 0.243000 0.000082 0.000174 0.000003 0.000051 0.000501 0.000000 0.000001 0.000085
26 0.6207954E+07   1.2500 0.738 3.830 0.756000 0.243000 0.000087 0.000174 0.000003 0.000051 0.000501 0.000000 0.000001 0.000085
27 0.6461459E+07   1.2500 0.751 3.840 0.756000 0.243000 0.000093 0.000173 0.000003 0.000052 0.000501 0.000000 0.000001 0.000085
28 0.6651588E+07   1.2500 0.759 3.850 0.756000 0.243000 0.000097 0.000173 0.000003 0.000052 0.000501 0.000000 0.000001 0.000085
29 0.6905092E+07   1.2500 0.768 3.862 0.755900 0.243000 0.000093 0.000172 0.000004 0.000052 0.000501 0.000000 0.000001 0.000085
30 0.7095221E+07   1.2500 0.775 3.872 0.755900 0.243000 0.000082 0.000171 0.000006 0.000052 0.000501 0.000000 0.000001 0.000085
31 0.7348726E+07   1.2500 0.778 3.884 0.755900 0.243100 0.000059 0.000166 0.000010 0.000053 0.000501 0.000000 0.000001 0.000085
32 0.7602230E+07   1.2500 0.779 3.895 0.755900 0.243100 0.000040 0.000154 0.000019 0.000057 0.000501 0.000000 0.000001 0.000085
33 0.7855735E+07   1.2500 0.775 3.905 0.755900 0.243200 0.000029 0.000132 0.000029 0.000073 0.000501 0.000000 0.000001 0.000085
34 0.8172616E+07   1.2500 0.765 3.914 0.755800 0.243200 0.000022 0.000086 0.000030 0.000125 0.000501 0.000000 0.000001 0.000085
35 0.8552873E+07   1.2500 0.746 3.922 0.755700 0.243300 0.000016 0.000028 0.000012 0.000211 0.000501 0.000000 0.000001 0.000085
36 0.8933130E+07   1.2500 0.724 3.928 0.755600 0.243400 0.000013 0.000005 0.000002 0.000250 0.000501 0.000000 0.000001 0.000085
37 0.9313387E+07   1.2500 0.701 3.931 0.755500 0.243600 0.000011 0.000001 0.000000 0.000256 0.000501 0.000001 0.000000 0.000085
38 0.9693644E+07   1.2500 0.679 3.932 0.755400 0.243700 0.000011 0.000001 0.000000 0.000256 0.000501 0.000001 0.000000 0.000085
39 0.1005806E+08   1.2500 0.661 3.933 0.755300 0.243700 0.000012 0.000001 0.000000 0.000256 0.000501 0.000001 0.000000 0.000085
40 0.1045416E+08   1.2500 0.643 3.932 0.755200 0.243800 0.000011 0.000001 0.000000 0.000256 0.000501 0.000001 0.000000 0.000085
41 0.1085026E+08   1.2500 0.630 3.932 0.755200 0.243900 0.000012 0.000001 0.000000 0.000256 0.000501 0.000001 0.000000 0.000085
42 0.1124636E+08   1.2500 0.619 3.931 0.755000 0.244000 0.000011 0.000001 0.000000 0.000256 0.000500 0.000001 0.000000 0.000085
43 0.1168999E+08   1.2500 0.610 3.930 0.754900 0.244100 0.000012 0.000001 0.000000 0.000256 0.000500 0.000001 0.000000 0.000085
44 0.1211778E+08   1.2500 0.605 3.930 0.754800 0.244200 0.000012 0.000001 0.000000 0.000256 0.000500 0.000001 0.000000 0.000085
45 0.1254557E+08   1.2500 0.601 3.930 0.754700 0.244300 0.000012 0.000001 0.000000 0.000256 0.000500 0.000001 0.000000 0.000085
46 0.1303674E+08   1.2500 0.599 3.929 0.754600 0.244500 0.000012 0.000001 0.000000 0.000256 0.000500 0.000001 0.000000 0.000085
47 0.1344868E+08   1.2500 0.598 3.929 0.754400 0.244600 0.000012 0.000001 0.000000 0.000256 0.000500 0.000001 0.000000 0.000085
48 0.1386063E+08   1.2500 0.597 3.929 0.754300 0.244700 0.000012 0.000001 0.000000 0.000256 0.000500 0.000002 0.000000 0.000085
49 0.1427257E+08   1.2500 0.597 3.929 0.754200 0.244900 0.000012 0.000001 0.000000 0.000256 0.000500 0.000002 0.000000 0.000085
50 0.1468452E+08   1.2500 0.597 3.929 0.754000 0.245000 0.000012 0.000001 0.000000 0.000256 0.000500 0.000002 0.000000 0.000085
51 0.1489049E+08   1.2500 0.597 3.929 0.754000 0.245100 0.000012 0.000001 0.000000 0.000256 0.000500 0.000002 0.000000 0.000085

    1.00

 1 0.7004000E+05   0.7004 0.860 3.679 0.756000 0.243000 0.000083 0.000174 0.000003 0.000051 0.000501 0.000000 0.000001 0.000085
 2 0.8126234E+05   0.8319 0.904 3.688 0.756000 0.243000 0.000068 0.000174 0.000003 0.000051 0.000501 0.000000 0.000001 0.000085
 3 0.9426079E+05   0.9855 0.954 3.698 0.756000 0.243000 0.000067 0.000174 0.000003 0.000051 0.000501 0.000000 0.000001 0.000085
 4 0.1322611E+06   1.0001 0.886 3.700 0.756000 0.243000 0.000067 0.000174 0.000003 0.000051 0.000501 0.000000 0.000001 0.000085
 5 0.1702869E+06   1.0001 0.819 3.699 0.756000 0.243000 0.000067 0.000174 0.000003 0.000051 0.000501 0.000000 0.000001 0.000085
 6 0.2146502E+06   1.0001 0.758 3.698 0.756000 0.243000 0.000067 0.000174 0.000003 0.000051 0.000501 0.000000 0.000001 0.000085
 7 0.2780263E+06   1.0001 0.692 3.698 0.756000 0.243000 0.000067 0.000174 0.000003 0.000051 0.000501 0.000000 0.000001 0.000085
 8 0.3667530E+06   1.0001 0.623 3.700 0.756000 0.243000 0.000067 0.000174 0.000003 0.000051 0.000501 0.000000 0.000001 0.000085
 9 0.4681549E+06   1.0001 0.560 3.701 0.756000 0.243000 0.000067 0.000174 0.000003 0.000051 0.000501 0.000000 0.000001 0.000085
10 0.5695568E+06   1.0001 0.497 3.698 0.756000 0.243000 0.000067 0.000174 0.000003 0.000051 0.000501 0.000000 0.000001 0.000085
11 0.7216596E+06   1.0001 0.431 3.698 0.756000 0.243000 0.000067 0.000174 0.000003 0.000051 0.000501 0.000000 0.000001 0.000085
12 0.9244633E+06   1.0001 0.366 3.699 0.756000 0.243000 0.000067 0.000174 0.000003 0.000051 0.000501 0.000000 0.000001 0.000085
13 0.1190643E+07   1.0001 0.305 3.701 0.756000 0.243000 0.000067 0.000174 0.000003 0.000051 0.000501 0.000000 0.000001 0.000085
14 0.1507524E+07   1.0001 0.241 3.701 0.756000 0.243000 0.000067 0.000174 0.000003 0.000051 0.000501 0.000000 0.000001 0.000085
15 0.1951157E+07   1.0001 0.176 3.701 0.756000 0.243000 0.000067 0.000174 0.000003 0.000051 0.000501 0.000000 0.000001 0.000085
16 0.2648295E+07   1.0001 0.115 3.704 0.756000 0.243000 0.000067 0.000174 0.000003 0.000051 0.000501 0.000000 0.000001 0.000085
17 0.3345433E+07   1.0001 0.081 3.708 0.756000 0.243000 0.000067 0.000174 0.000003 0.000051 0.000501 0.000000 0.000001 0.000085
18 0.4042571E+07   1.0001 0.069 3.714 0.756000 0.243000 0.000067 0.000174 0.000003 0.000051 0.000501 0.000000 0.000001 0.000085
19 0.4739709E+07   1.0001 0.069 3.720 0.756000 0.243000 0.000067 0.000174 0.000003 0.000051 0.000501 0.000000 0.000001 0.000085
20 0.5436847E+07   1.0001 0.079 3.727 0.756000 0.243000 0.000067 0.000174 0.000003 0.000051 0.000501 0.000000 0.000001 0.000085
21 0.6197361E+07   1.0001 0.103 3.736 0.756000 0.243000 0.000067 0.000174 0.000003 0.000051 0.000501 0.000000 0.000001 0.000085
22 0.6957875E+07   1.0001 0.140 3.746 0.756000 0.243000 0.000068 0.000174 0.000003 0.000051 0.000501 0.000000 0.000001 0.000085
23 0.7718389E+07   1.0001 0.181 3.757 0.756000 0.243000 0.000070 0.000174 0.000003 0.000051 0.000501 0.000000 0.000001 0.000085
24 0.8542280E+07   1.0001 0.226 3.769 0.756000 0.243000 0.000074 0.000174 0.000003 0.000051 0.000501 0.000000 0.000001 0.000085
25 0.9302794E+07   1.0001 0.270 3.780 0.756000 0.243000 0.000081 0.000174 0.000003 0.000051 0.000501 0.000000 0.000001 0.000085
26 0.1006331E+08   1.0001 0.301 3.791 0.756000 0.243000 0.000092 0.000174 0.000003 0.000051 0.000501 0.000000 0.000001 0.000085
27 0.1082382E+08   1.0001 0.325 3.800 0.756000 0.243000 0.000111 0.000174 0.000003 0.000051 0.000501 0.000000 0.000001 0.000085
28 0.1139421E+08   1.0001 0.340 3.809 0.755900 0.243000 0.000126 0.000173 0.000003 0.000052 0.000501 0.000000 0.000001 0.000085
29 0.1215472E+08   1.0001 0.355 3.819 0.755900 0.243000 0.000122 0.000172 0.000004 0.000052 0.000501 0.000000 0.000001 0.000085
30 0.1291524E+08   1.0001 0.359 3.830 0.755800 0.243100 0.000076 0.000166 0.000010 0.000053 0.000501 0.000000 0.000001 0.000085
31 0.1367575E+08   1.0001 0.348 3.838 0.755800 0.243200 0.000046 0.000145 0.000024 0.000063 0.000501 0.000000 0.000001 0.000085
32 0.1443626E+08   1.0001 0.323 3.844 0.755600 0.243400 0.000033 0.000103 0.000032 0.000103 0.000501 0.000000 0.000001 0.000085
33 0.1519678E+08   1.0001 0.289 3.847 0.755500 0.243500 0.000030 0.000072 0.000027 0.000144 0.000501 0.000000 0.000001 0.000085
34 0.1595729E+08   1.0001 0.255 3.847 0.755500 0.243500 0.000031 0.000068 0.000025 0.000151 0.000501 0.000000 0.000001 0.000085
35 0.1671781E+08   1.0001 0.224 3.847 0.755400 0.243600 0.000030 0.000051 0.000020 0.000176 0.000501 0.000000 0.000001 0.000085
36 0.1747832E+08   1.0001 0.200 3.845 0.755300 0.243700 0.000029 0.000033 0.000014 0.000204 0.000501 0.000000 0.000001 0.000085
37 0.1823883E+08   1.0001 0.183 3.844 0.755200 0.243900 0.000029 0.000019 0.000008 0.000226 0.000501 0.000000 0.000001 0.000085
38 0.1899935E+08   1.0001 0.172 3.844 0.755000 0.244000 0.000029 0.000011 0.000005 0.000240 0.000501 0.000000 0.000001 0.000085
39 0.1969649E+08   1.0001 0.167 3.843 0.754900 0.244100 0.000028 0.000007 0.000003 0.000246 0.000501 0.000000 0.000001 0.000085
40 0.2064713E+08   1.0001 0.163 3.843 0.754700 0.244300 0.000028 0.000004 0.000002 0.000251 0.000501 0.000000 0.000001 0.000085
41 0.2159777E+08   1.0001 0.162 3.843 0.754600 0.244400 0.000028 0.000002 0.000001 0.000254 0.000501 0.000000 0.000001 0.000085
42 0.2254841E+08   1.0001 0.162 3.843 0.754400 0.244600 0.000028 0.000002 0.000001 0.000255 0.000501 0.000000 0.000001 0.000085
43 0.2302374E+08   1.0001 0.162 3.843 0.754300 0.244700 0.000028 0.000001 0.000001 0.000255 0.000501 0.000000 0.000000 0.000085
44 0.2349906E+08   1.0001 0.162 3.843 0.754200 0.244800 0.000028 0.000001 0.000000 0.000256 0.000501 0.000000 0.000000 0.000085
45 0.2397438E+08   1.0001 0.162 3.843 0.754200 0.244800 0.000028 0.000001 0.000000 0.000256 0.000501 0.000000 0.000000 0.000085
46 0.2444970E+08   1.0001 0.162 3.843 0.754100 0.244900 0.000029 0.000001 0.000000 0.000256 0.000501 0.000000 0.000000 0.000085
47 0.2492502E+08   1.0001 0.163 3.843 0.754000 0.245000 0.000029 0.000001 0.000000 0.000256 0.000501 0.000000 0.000000 0.000085
48 0.2540034E+08   1.0001 0.163 3.843 0.753900 0.245100 0.000029 0.000001 0.000000 0.000256 0.000501 0.000001 0.000000 0.000085
49 0.2587566E+08   1.0001 0.163 3.843 0.753800 0.245200 0.000029 0.000001 0.000000 0.000256 0.000501 0.000001 0.000000 0.000085
50 0.2635099E+08   1.0001 0.163 3.843 0.753800 0.245200 0.000029 0.000001 0.000000 0.000256 0.000501 0.000001 0.000000 0.000085
51 0.2682631E+08   1.0001 0.163 3.843 0.753700 0.245300 0.000029 0.000001 0.000000 0.000256 0.000501 0.000001 0.000000 0.000085

    0.90

 1 0.7004000E+05   0.7004 0.860 3.679 0.756000 0.243000 0.000083 0.000174 0.000003 0.000051 0.000501 0.000000 0.000001 0.000085
 2 0.8406673E+05   0.8649 0.924 3.691 0.756000 0.243000 0.000068 0.000174 0.000003 0.000051 0.000501 0.000000 0.000001 0.000085
 3 0.1145412E+06   0.9000 0.864 3.692 0.756000 0.243000 0.000068 0.000174 0.000003 0.000051 0.000501 0.000000 0.000001 0.000085
 4 0.1525669E+06   0.9000 0.796 3.693 0.756000 0.243000 0.000068 0.000174 0.000003 0.000051 0.000501 0.000000 0.000001 0.000085
 5 0.1969302E+06   0.9000 0.735 3.695 0.756000 0.243000 0.000068 0.000174 0.000003 0.000051 0.000501 0.000000 0.000001 0.000085
 6 0.2539688E+06   0.9000 0.659 3.693 0.756000 0.243000 0.000068 0.000174 0.000003 0.000051 0.000501 0.000000 0.000001 0.000085
 7 0.3300202E+06   0.9000 0.593 3.694 0.756000 0.243000 0.000068 0.000174 0.000003 0.000051 0.000501 0.000000 0.000001 0.000085
 8 0.4187468E+06   0.9000 0.532 3.696 0.756000 0.243000 0.000068 0.000174 0.000003 0.000051 0.000501 0.000000 0.000001 0.000085
 9 0.5201487E+06   0.9000 0.470 3.696 0.756000 0.243000 0.000068 0.000174 0.000003 0.000051 0.000501 0.000000 0.000001 0.000085
10 0.6215506E+06   0.9000 0.408 3.693 0.756000 0.243000 0.000068 0.000174 0.000003 0.000051 0.000501 0.000000 0.000001 0.000085
11 0.7736534E+06   0.9000 0.346 3.693 0.756000 0.243000 0.000068 0.000174 0.000003 0.000051 0.000501 0.000000 0.000001 0.000085
12 0.9511067E+06   0.9000 0.285 3.692 0.756000 0.243000 0.000068 0.000174 0.000003 0.000051 0.000501 0.000000 0.000001 0.000085
13 0.1191936E+07   0.9000 0.211 3.689 0.756000 0.243000 0.000068 0.000174 0.000003 0.000051 0.000501 0.000000 0.000001 0.000085
14 0.1508817E+07   0.9000 0.149 3.689 0.756000 0.243000 0.000068 0.000174 0.000003 0.000051 0.000501 0.000000 0.000001 0.000085
15 0.1952450E+07   0.9000 0.083 3.689 0.756000 0.243000 0.000068 0.000174 0.000003 0.000051 0.000501 0.000000 0.000001 0.000085
16 0.2617900E+07   0.9000 0.015 3.691 0.756000 0.243000 0.000068 0.000174 0.000003 0.000051 0.000501 0.000000 0.000001 0.000085
17 0.3378414E+07   0.9000 -.043 3.692 0.756000 0.243000 0.000068 0.000174 0.000003 0.000051 0.000501 0.000000 0.000001 0.000085
18 0.4138928E+07   0.9000 -.081 3.693 0.756000 0.243000 0.000068 0.000174 0.000003 0.000051 0.000501 0.000000 0.000001 0.000085
19 0.4899442E+07   0.9000 -.099 3.697 0.756000 0.243000 0.000068 0.000174 0.000003 0.000051 0.000501 0.000000 0.000001 0.000085
20 0.5659957E+07   0.9000 -.105 3.701 0.756000 0.243000 0.000068 0.000174 0.000003 0.000051 0.000501 0.000000 0.000001 0.000085
21 0.6420471E+07   0.9000 -.103 3.707 0.756000 0.243000 0.000068 0.000174 0.000003 0.000051 0.000501 0.000000 0.000001 0.000085
22 0.7180985E+07   0.9000 -.093 3.714 0.756000 0.243000 0.000069 0.000174 0.000003 0.000051 0.000501 0.000000 0.000001 0.000085
23 0.7941499E+07   0.9000 -.078 3.721 0.756000 0.243000 0.000069 0.000174 0.000003 0.000051 0.000501 0.000000 0.000001 0.000085
24 0.8702013E+07   0.9000 -.058 3.728 0.756000 0.243000 0.000070 0.000174 0.000003 0.000051 0.000501 0.000000 0.000001 0.000085
25 0.9589279E+07   0.9000 -.029 3.737 0.756000 0.243000 0.000072 0.000174 0.000003 0.000051 0.000501 0.000000 0.000001 0.000085
26 0.1034979E+08   0.9000 -.003 3.745 0.756000 0.243000 0.000075 0.000174 0.000003 0.000051 0.000501 0.000000 0.000001 0.000085
27 0.1111031E+08   0.9000 0.025 3.754 0.756000 0.243000 0.000079 0.000174 0.000003 0.000051 0.000501 0.000000 0.000001 0.000085
28 0.1187082E+08   0.9000 0.051 3.762 0.756000 0.243000 0.000086 0.000174 0.000003 0.000051 0.000501 0.000000 0.000001 0.000085
29 0.1263134E+08   0.9000 0.077 3.770 0.756000 0.243000 0.000096 0.000174 0.000003 0.000051 0.000501 0.000000 0.000001 0.000085
30 0.1339185E+08   0.9000 0.104 3.779 0.756000 0.243000 0.000110 0.000174 0.000003 0.000051 0.000501 0.000000 0.000001 0.000085
31 0.1415236E+08   0.9000 0.123 3.787 0.755900 0.243000 0.000129 0.000174 0.000003 0.000051 0.000501 0.000000 0.000001 0.000085
32 0.1491288E+08   0.9000 0.135 3.794 0.755900 0.243000 0.000150 0.000173 0.000003 0.000052 0.000501 0.000000 0.000001 0.000085
33 0.1567339E+08   0.9000 0.147 3.801 0.755900 0.243000 0.000155 0.000173 0.000004 0.000052 0.000501 0.000000 0.000001 0.000085
34 0.1643391E+08   0.9000 0.153 3.807 0.755800 0.243100 0.000121 0.000171 0.000006 0.000052 0.000501 0.000000 0.000001 0.000085
35 0.1719442E+08   0.9000 0.148 3.812 0.755800 0.243200 0.000091 0.000168 0.000009 0.000052 0.000501 0.000000 0.000001 0.000085
36 0.1795493E+08   0.9000 0.134 3.816 0.755700 0.243300 0.000063 0.000157 0.000017 0.000056 0.000501 0.000000 0.000001 0.000085
37 0.1871545E+08   0.9000 0.113 3.819 0.755600 0.243400 0.000050 0.000139 0.000026 0.000066 0.000501 0.000000 0.000001 0.000085
38 0.1947596E+08   0.9000 0.085 3.820 0.755600 0.243500 0.000046 0.000124 0.000031 0.000079 0.000501 0.000000 0.000001 0.000085
39 0.2023648E+08   0.9000 0.055 3.820 0.755500 0.243500 0.000048 0.000121 0.000030 0.000083 0.000501 0.000000 0.000001 0.000085
40 0.2099699E+08   0.9000 0.025 3.819 0.755500 0.243500 0.000048 0.000114 0.000031 0.000092 0.000501 0.000000 0.000001 0.000085
41 0.2175751E+08   0.9000 0.000 3.818 0.755400 0.243600 0.000047 0.000101 0.000031 0.000106 0.000501 0.000000 0.000001 0.000085
42 0.2251802E+08   0.9000 -.020 3.817 0.755300 0.243700 0.000046 0.000087 0.000030 0.000124 0.000501 0.000000 0.000001 0.000085
43 0.2327853E+08   0.9000 -.034 3.816 0.755200 0.243800 0.000045 0.000074 0.000028 0.000141 0.000501 0.000000 0.000001 0.000085
44 0.2403905E+08   0.9000 -.044 3.815 0.755100 0.243900 0.000045 0.000063 0.000025 0.000157 0.000501 0.000000 0.000001 0.000085
45 0.2505307E+08   0.9000 -.051 3.814 0.755000 0.244000 0.000045 0.000051 0.000021 0.000175 0.000501 0.000000 0.000001 0.000085
46 0.2632059E+08   0.9000 -.054 3.814 0.754800 0.244200 0.000046 0.000040 0.000017 0.000193 0.000501 0.000000 0.000001 0.000085
47 0.2758811E+08   0.9000 -.055 3.814 0.754700 0.244300 0.000046 0.000031 0.000013 0.000207 0.000501 0.000000 0.000001 0.000085
48 0.2822188E+08   0.9000 -.055 3.814 0.754600 0.244400 0.000046 0.000028 0.000012 0.000212 0.000501 0.000000 0.000001 0.000085
49 0.2885564E+08   0.9000 -.054 3.814 0.754500 0.244500 0.000046 0.000025 0.000011 0.000217 0.000501 0.000000 0.000001 0.000085
50 0.2948940E+08   0.9000 -.054 3.814 0.754400 0.244600 0.000046 0.000022 0.000009 0.000222 0.000501 0.000000 0.000001 0.000085
51 0.3012316E+08   0.9000 -.053 3.814 0.754400 0.244600 0.000046 0.000020 0.000008 0.000226 0.000501 0.000000 0.000001 0.000085

    0.80

 1 0.7004000E+05   0.7004 0.860 3.679 0.756000 0.243000 0.000083 0.000174 0.000003 0.000051 0.000501 0.000000 0.000001 0.000085
 2 0.1195574E+06   0.8005 0.794 3.686 0.756000 0.243000 0.000070 0.000174 0.000003 0.000051 0.000501 0.000000 0.000001 0.000085
 3 0.1512455E+06   0.8005 0.734 3.687 0.756000 0.243000 0.000070 0.000174 0.000003 0.000051 0.000501 0.000000 0.000001 0.000085
 4 0.1892712E+06   0.8005 0.670 3.686 0.756000 0.243000 0.000070 0.000174 0.000003 0.000051 0.000501 0.000000 0.000001 0.000085
 5 0.2336345E+06   0.8005 0.610 3.686 0.756000 0.243000 0.000070 0.000174 0.000003 0.000051 0.000501 0.000000 0.000001 0.000085
 6 0.3001795E+06   0.8005 0.543 3.686 0.756000 0.243000 0.000070 0.000174 0.000003 0.000051 0.000501 0.000000 0.000001 0.000085
 7 0.3793997E+06   0.8005 0.483 3.688 0.756000 0.243000 0.000070 0.000174 0.000003 0.000051 0.000501 0.000000 0.000001 0.000085
 8 0.4744640E+06   0.8005 0.421 3.688 0.756000 0.243000 0.000070 0.000174 0.000003 0.000051 0.000501 0.000000 0.000001 0.000085
 9 0.5917099E+06   0.8005 0.356 3.688 0.756000 0.243000 0.000070 0.000174 0.000003 0.000051 0.000501 0.000000 0.000001 0.000085
10 0.7247999E+06   0.8005 0.289 3.686 0.756000 0.243000 0.000070 0.000174 0.000003 0.000051 0.000501 0.000000 0.000001 0.000085
11 0.8800715E+06   0.8005 0.223 3.683 0.756000 0.243000 0.000070 0.000174 0.000003 0.000051 0.000501 0.000000 0.000001 0.000085
12 0.1108226E+07   0.8005 0.157 3.683 0.756000 0.243000 0.000070 0.000174 0.000003 0.000051 0.000501 0.000000 0.000001 0.000085
13 0.1330042E+07   0.8005 0.096 3.680 0.756000 0.243000 0.000070 0.000174 0.000003 0.000051 0.000501 0.000000 0.000001 0.000085
14 0.1646923E+07   0.8005 0.032 3.679 0.756000 0.243000 0.000070 0.000174 0.000003 0.000051 0.000501 0.000000 0.000001 0.000085
15 0.2122245E+07   0.8005 -.032 3.679 0.756000 0.243000 0.000070 0.000174 0.000003 0.000051 0.000501 0.000000 0.000001 0.000085
16 0.2597566E+07   0.8005 -.093 3.677 0.756000 0.243000 0.000070 0.000174 0.000003 0.000051 0.000501 0.000000 0.000001 0.000085
17 0.3358080E+07   0.8005 -.158 3.677 0.756000 0.243000 0.000070 0.000174 0.000003 0.000051 0.000501 0.000000 0.000001 0.000085
18 0.4308723E+07   0.8005 -.217 3.677 0.756000 0.243000 0.000070 0.000174 0.000003 0.000051 0.000501 0.000000 0.000001 0.000085
19 0.5259365E+07   0.8005 -.259 3.677 0.756000 0.243000 0.000070 0.000174 0.000003 0.000051 0.000501 0.000000 0.000001 0.000085
20 0.6210008E+07   0.8005 -.283 3.679 0.756000 0.243000 0.000070 0.000174 0.000003 0.000051 0.000501 0.000000 0.000001 0.000085
21 0.7160650E+07   0.8005 -.291 3.684 0.756000 0.243000 0.000070 0.000174 0.000003 0.000051 0.000501 0.000000 0.000001 0.000085
22 0.8111293E+07   0.8005 -.290 3.690 0.756000 0.243000 0.000070 0.000174 0.000003 0.000051 0.000501 0.000000 0.000001 0.000085
23 0.9125312E+07   0.8005 -.285 3.697 0.756000 0.243000 0.000070 0.000174 0.000003 0.000051 0.000501 0.000000 0.000001 0.000085
24 0.1013933E+08   0.8005 -.284 3.702 0.756000 0.243000 0.000071 0.000174 0.000003 0.000051 0.000501 0.000000 0.000001 0.000085
25 0.1115335E+08   0.8005 -.274 3.707 0.756000 0.243000 0.000073 0.000174 0.000003 0.000051 0.000501 0.000000 0.000001 0.000085
26 0.1216737E+08   0.8005 -.259 3.714 0.756000 0.243000 0.000075 0.000174 0.000003 0.000051 0.000501 0.000000 0.000001 0.000085
27 0.1318139E+08   0.8005 -.238 3.721 0.756000 0.243000 0.000078 0.000174 0.000003 0.000051 0.000501 0.000000 0.000001 0.000085
28 0.1419541E+08   0.8005 -.216 3.729 0.756000 0.243000 0.000083 0.000174 0.000003 0.000051 0.000501 0.000000 0.000001 0.000085
29 0.1520943E+08   0.8005 -.193 3.737 0.756000 0.243000 0.000090 0.000174 0.000003 0.000051 0.000501 0.000000 0.000001 0.000085
30 0.1622344E+08   0.8005 -.171 3.745 0.756000 0.243000 0.000101 0.000174 0.000003 0.000051 0.000501 0.000000 0.000001 0.000085
31 0.1723746E+08   0.8005 -.150 3.753 0.755900 0.243000 0.000116 0.000174 0.000003 0.000051 0.000501 0.000000 0.000001 0.000085
32 0.1825148E+08   0.8005 -.129 3.761 0.755900 0.243000 0.000137 0.000174 0.000003 0.000051 0.000501 0.000000 0.000001 0.000085
33 0.1926550E+08   0.8005 -.110 3.769 0.755900 0.243000 0.000165 0.000174 0.000003 0.000051 0.000501 0.000000 0.000001 0.000085
34 0.2027952E+08   0.8005 -.096 3.776 0.755900 0.243000 0.000191 0.000173 0.000003 0.000052 0.000501 0.000000 0.000001 0.000085
35 0.2129354E+08   0.8005 -.084 3.783 0.755800 0.243100 0.000191 0.000173 0.000004 0.000052 0.000501 0.000000 0.000001 0.000085
36 0.2230756E+08   0.8005 -.083 3.788 0.755800 0.243100 0.000179 0.000173 0.000004 0.000052 0.000501 0.000000 0.000001 0.000085
37 0.2332158E+08   0.8005 -.093 3.792 0.755800 0.243100 0.000165 0.000172 0.000004 0.000052 0.000501 0.000000 0.000001 0.000085
38 0.2433559E+08   0.8005 -.114 3.793 0.755800 0.243100 0.000147 0.000171 0.000005 0.000052 0.000501 0.000000 0.000001 0.000085
39 0.2534961E+08   0.8005 -.145 3.793 0.755700 0.243200 0.000131 0.000170 0.000007 0.000052 0.000501 0.000000 0.000001 0.000085
40 0.2636363E+08   0.8005 -.178 3.792 0.755700 0.243200 0.000114 0.000168 0.000009 0.000052 0.000501 0.000000 0.000001 0.000085
41 0.2737765E+08   0.8005 -.209 3.791 0.755600 0.243300 0.000102 0.000165 0.000011 0.000053 0.000501 0.000000 0.000001 0.000085
42 0.2839167E+08   0.8005 -.236 3.789 0.755600 0.243400 0.000095 0.000161 0.000014 0.000054 0.000501 0.000000 0.000001 0.000085
43 0.2940569E+08   0.8005 -.256 3.787 0.755500 0.243400 0.000091 0.000157 0.000017 0.000056 0.000501 0.000000 0.000001 0.000085
44 0.3041971E+08   0.8005 -.271 3.786 0.755500 0.243500 0.000088 0.000153 0.000020 0.000058 0.000501 0.000000 0.000001 0.000085
45 0.3143373E+08   0.8005 -.281 3.785 0.755400 0.243600 0.000086 0.000148 0.000023 0.000060 0.000501 0.000000 0.000001 0.000085
46 0.3244774E+08   0.8005 -.288 3.784 0.755300 0.243700 0.000084 0.000144 0.000025 0.000063 0.000501 0.000000 0.000001 0.000085
47 0.3333501E+08   0.8005 -.292 3.784 0.755300 0.243700 0.000083 0.000139 0.000027 0.000066 0.000501 0.000000 0.000001 0.000085
48 0.3460253E+08   0.8005 -.295 3.783 0.755200 0.243800 0.000082 0.000133 0.000029 0.000071 0.000501 0.000000 0.000001 0.000085
49 0.3587006E+08   0.8005 -.297 3.783 0.755100 0.243900 0.000081 0.000127 0.000031 0.000076 0.000501 0.000000 0.000001 0.000085
50 0.3713758E+08   0.8005 -.298 3.783 0.755000 0.244000 0.000080 0.000121 0.000032 0.000081 0.000501 0.000000 0.000001 0.000085
51 0.3840511E+08   0.8005 -.299 3.782 0.754900 0.244100 0.000081 0.000116 0.000033 0.000087 0.000501 0.000000 0.000001 0.000085


