Models of pre main sequence, Bernasconi & Maeder 1996 (0.020)

   7  51
 
    9.00

 1 1.0000000E+01   9.0000 3.784 3.590 0.680000 0.300000 0.000041 0.003474 0.000056 0.001030 0.010020 0.000007 0.000023 0.001693
 2 0.3044974E+03   9.0000 3.641 3.600 0.680000 0.300000 0.000041 0.003474 0.000056 0.001030 0.010020 0.000007 0.000023 0.001693
 3 0.8579323E+03   9.0000 3.496 3.613 0.680000 0.300000 0.000041 0.003474 0.000056 0.001030 0.010020 0.000007 0.000023 0.001693
 4 0.1811037E+04   9.0000 3.344 3.624 0.680000 0.300000 0.000041 0.003474 0.000056 0.001030 0.010020 0.000007 0.000023 0.001693
 5 0.3822729E+04   9.0000 3.190 3.639 0.680000 0.300000 0.000041 0.003474 0.000056 0.001030 0.010020 0.000007 0.000023 0.001693
 6 0.7698697E+04   9.0000 3.047 3.653 0.680000 0.300000 0.000041 0.003474 0.000056 0.001030 0.010020 0.000007 0.000023 0.001693
 7 0.1479783E+05   9.0000 2.996 3.668 0.680000 0.300000 0.000048 0.003474 0.000056 0.001030 0.010020 0.000007 0.000023 0.001693
 8 0.2183635E+05   9.0000 3.116 3.682 0.680000 0.300000 0.000055 0.003474 0.000056 0.001030 0.010020 0.000007 0.000023 0.001693
 9 0.2905847E+05   9.0000 3.221 3.716 0.680000 0.300000 0.000055 0.003474 0.000056 0.001030 0.010020 0.000007 0.000023 0.001693
10 0.3631505E+05   9.0000 3.265 3.780 0.680000 0.300000 0.000055 0.003474 0.000056 0.001030 0.010020 0.000007 0.000023 0.001693
11 0.4360077E+05   9.0000 3.263 3.833 0.680000 0.300000 0.000055 0.003474 0.000056 0.001030 0.010020 0.000007 0.000023 0.001693
12 0.5066721E+05   9.0000 3.277 3.877 0.680000 0.300000 0.000055 0.003474 0.000056 0.001030 0.010020 0.000007 0.000023 0.001693
13 0.5779704E+05   9.0000 3.321 3.920 0.680000 0.300000 0.000055 0.003474 0.000056 0.001030 0.010020 0.000007 0.000023 0.001693
14 0.6521205E+05   9.0000 3.392 3.967 0.680000 0.300000 0.000055 0.003474 0.000056 0.001030 0.010020 0.000007 0.000023 0.001693
15 0.7262706E+05   9.0000 3.475 4.017 0.680000 0.300000 0.000055 0.003474 0.000056 0.001030 0.010020 0.000007 0.000023 0.001693
16 0.8004207E+05   9.0000 3.563 4.070 0.680000 0.300000 0.000055 0.003474 0.000056 0.001030 0.010020 0.000007 0.000023 0.001693
17 0.8745709E+05   9.0000 3.646 4.123 0.680000 0.300000 0.000055 0.003474 0.000056 0.001030 0.010020 0.000007 0.000023 0.001693
18 0.9487210E+05   9.0000 3.715 4.177 0.680000 0.300000 0.000055 0.003474 0.000056 0.001030 0.010020 0.000007 0.000023 0.001693
19 0.1020970E+06   9.0000 3.767 4.226 0.680000 0.300000 0.000055 0.003474 0.000056 0.001030 0.010020 0.000007 0.000023 0.001693
20 0.1097655E+06   9.0000 3.806 4.275 0.680000 0.300000 0.000053 0.003468 0.000063 0.001030 0.010020 0.000007 0.000023 0.001693
21 0.1173989E+06   9.0000 3.826 4.317 0.680000 0.300000 0.000037 0.003335 0.000189 0.001051 0.010020 0.000007 0.000022 0.001693
22 0.1244407E+06   9.0000 3.826 4.349 0.679900 0.300000 0.000016 0.002659 0.000544 0.001461 0.010020 0.000007 0.000020 0.001693
23 0.1318067E+06   9.0000 3.784 4.365 0.679900 0.300000 0.000016 0.002381 0.000539 0.001791 0.010020 0.000007 0.000018 0.001693
24 0.1388710E+06   9.0000 3.707 4.362 0.679800 0.300000 0.000011 0.001831 0.000543 0.002431 0.010020 0.000008 0.000015 0.001693
25 0.1462747E+06   9.0000 3.650 4.357 0.679600 0.300100 0.000006 0.001181 0.000447 0.003296 0.010020 0.000009 0.000012 0.001693
26 0.1548621E+06   9.0000 3.644 4.361 0.679500 0.300100 0.000003 0.000631 0.000258 0.004145 0.010020 0.000011 0.000007 0.001693
27 0.1668508E+06   9.0000 3.670 4.376 0.679400 0.300100 0.000001 0.000159 0.000063 0.004910 0.010010 0.000016 0.000002 0.001693
28 0.1765617E+06   9.0000 3.686 4.390 0.679300 0.300200 0.000000 0.000061 0.000020 0.005080 0.009993 0.000025 0.000000 0.001693
29 0.1844275E+06   9.0000 3.678 4.394 0.679100 0.300300 0.000000 0.000059 0.000019 0.005097 0.009974 0.000029 0.000000 0.001693
30 0.1935150E+06   9.0000 3.657 4.393 0.679000 0.300500 0.000000 0.000064 0.000021 0.005103 0.009956 0.000030 0.000000 0.001693
31 0.2019977E+06   9.0000 3.642 4.391 0.678900 0.300600 0.000000 0.000059 0.000018 0.005129 0.009935 0.000032 0.000000 0.001693
32 0.2105495E+06   9.0000 3.636 4.391 0.678800 0.300700 0.000000 0.000058 0.000018 0.005149 0.009913 0.000033 0.000000 0.001693
33 0.2253791E+06   9.0000 3.633 4.390 0.678500 0.301000 0.000000 0.000058 0.000018 0.005182 0.009875 0.000034 0.000000 0.001693
34 0.2364888E+06   9.0000 3.633 4.390 0.678300 0.301200 0.000000 0.000058 0.000018 0.005206 0.009847 0.000034 0.000000 0.001693
35 0.2509314E+06   9.0000 3.633 4.390 0.678100 0.301400 0.000000 0.000058 0.000018 0.005237 0.009810 0.000034 0.000000 0.001693
36 0.2828494E+06   9.0000 3.633 4.390 0.677600 0.301900 0.000000 0.000059 0.000018 0.005306 0.009731 0.000034 0.000000 0.001693
37 0.3243428E+06   9.0000 3.633 4.390 0.677000 0.302600 0.000000 0.000060 0.000019 0.005384 0.009640 0.000034 0.000000 0.001693
38 0.3616870E+06   9.0000 3.633 4.389 0.676300 0.303200 0.000000 0.000061 0.000019 0.005459 0.009553 0.000034 0.000000 0.001693
39 0.4102343E+06   9.0000 3.633 4.389 0.675600 0.304000 0.000000 0.000062 0.000019 0.005554 0.009443 0.000033 0.000000 0.001693
40 0.4733458E+06   9.0000 3.633 4.389 0.674500 0.305000 0.000000 0.000063 0.000019 0.005673 0.009305 0.000033 0.000000 0.001693
41 0.5553909E+06   9.0000 3.634 4.388 0.673300 0.306300 0.000000 0.000064 0.000020 0.005807 0.009150 0.000033 0.000000 0.001693
42 0.6292314E+06   9.0000 3.634 4.388 0.672100 0.307500 0.000000 0.000066 0.000020 0.005934 0.009003 0.000032 0.000000 0.001693
43 0.7060255E+06   9.0000 3.635 4.388 0.670900 0.308700 0.000000 0.000067 0.000021 0.006062 0.008855 0.000032 0.000000 0.001693
44 0.8058579E+06   9.0000 3.635 4.387 0.669300 0.310400 0.000000 0.000069 0.000021 0.006220 0.008672 0.000032 0.000000 0.001693
45 0.8857238E+06   9.0000 3.636 4.387 0.668000 0.311700 0.000000 0.000070 0.000022 0.006342 0.008530 0.000031 0.000000 0.001693
46 0.1020697E+07   9.0000 3.637 4.386 0.665800 0.313900 0.000000 0.000072 0.000022 0.006538 0.008304 0.000031 0.000000 0.001693
47 0.1196162E+07   9.0000 3.638 4.386 0.662900 0.316800 0.000000 0.000074 0.000023 0.006775 0.008029 0.000030 0.000000 0.001693
48 0.1336535E+07   9.0000 3.639 4.385 0.660600 0.319200 0.000000 0.000076 0.000024 0.006957 0.007818 0.000029 0.000000 0.001693
49 0.1462870E+07   9.0000 3.640 4.385 0.658500 0.321300 0.000000 0.000078 0.000024 0.007115 0.007636 0.000029 0.000000 0.001693
50 0.1563938E+07   9.0000 3.641 4.385 0.656800 0.323000 0.000000 0.000079 0.000025 0.007236 0.007495 0.000028 0.000000 0.001693
51 0.1654899E+07   9.0000 3.642 4.384 0.655300 0.324500 0.000000 0.000080 0.000025 0.007342 0.007373 0.000028 0.000000 0.001693

    5.00

 1 1.0000000E+01   5.0000 3.134 3.608 0.680000 0.300000 0.000041 0.003474 0.000056 0.001030 0.010020 0.000007 0.000023 0.001693
 2 0.9242049E+03   5.0000 2.991 3.618 0.680000 0.300000 0.000041 0.003474 0.000056 0.001030 0.010020 0.000007 0.000023 0.001693
 3 0.2804671E+04   5.0000 2.839 3.632 0.680000 0.300000 0.000041 0.003474 0.000056 0.001030 0.010020 0.000007 0.000023 0.001693
 4 0.5681743E+04   5.0000 2.698 3.642 0.680000 0.300000 0.000041 0.003474 0.000056 0.001030 0.010020 0.000007 0.000023 0.001693
 5 0.1070407E+05   5.0000 2.558 3.654 0.680000 0.300000 0.000041 0.003474 0.000056 0.001030 0.010020 0.000007 0.000023 0.001693
 6 0.1985202E+05   5.0000 2.416 3.666 0.680000 0.300000 0.000049 0.003474 0.000056 0.001030 0.010020 0.000007 0.000023 0.001693
 7 0.3808914E+05   5.0000 2.275 3.678 0.680000 0.300000 0.000054 0.003474 0.000056 0.001030 0.010020 0.000007 0.000023 0.001693
 8 0.6115309E+05   5.0000 2.182 3.687 0.680000 0.300000 0.000054 0.003474 0.000056 0.001030 0.010020 0.000007 0.000023 0.001693
 9 0.8461946E+05   5.0000 2.124 3.695 0.680000 0.300000 0.000054 0.003474 0.000056 0.001030 0.010020 0.000007 0.000023 0.001693
10 0.1079319E+06   5.0000 2.089 3.700 0.680000 0.300000 0.000054 0.003474 0.000056 0.001030 0.010020 0.000007 0.000023 0.001693
11 0.1313715E+06   5.0000 2.079 3.705 0.680000 0.300000 0.000054 0.003474 0.000056 0.001030 0.010020 0.000007 0.000023 0.001693
12 0.1549133E+06   5.0000 2.090 3.712 0.680000 0.300000 0.000054 0.003474 0.000056 0.001030 0.010020 0.000007 0.000023 0.001693
13 0.1782220E+06   5.0000 2.118 3.719 0.680000 0.300000 0.000054 0.003474 0.000056 0.001030 0.010020 0.000007 0.000023 0.001693
14 0.2018455E+06   5.0000 2.150 3.727 0.680000 0.300000 0.000054 0.003474 0.000056 0.001030 0.010020 0.000007 0.000023 0.001693
15 0.2254628E+06   5.0000 2.171 3.737 0.680000 0.300000 0.000054 0.003474 0.000056 0.001030 0.010020 0.000007 0.000023 0.001693
16 0.2486711E+06   5.0000 2.192 3.747 0.680000 0.300000 0.000054 0.003474 0.000056 0.001030 0.010020 0.000007 0.000023 0.001693
17 0.2736286E+06   5.0000 2.219 3.758 0.680000 0.300000 0.000054 0.003474 0.000056 0.001030 0.010020 0.000007 0.000023 0.001693
18 0.2981172E+06   5.0000 2.253 3.774 0.680000 0.300000 0.000054 0.003474 0.000056 0.001030 0.010020 0.000007 0.000023 0.001693
19 0.3234677E+06   5.0000 2.297 3.798 0.680000 0.300000 0.000054 0.003474 0.000056 0.001030 0.010020 0.000007 0.000023 0.001693
20 0.3488181E+06   5.0000 2.349 3.825 0.680000 0.300000 0.000054 0.003474 0.000056 0.001030 0.010020 0.000007 0.000023 0.001693
21 0.3729011E+06   5.0000 2.406 3.854 0.680000 0.300000 0.000054 0.003474 0.000056 0.001030 0.010020 0.000007 0.000023 0.001693
22 0.3995191E+06   5.0000 2.476 3.888 0.680000 0.300000 0.000054 0.003474 0.000056 0.001030 0.010020 0.000007 0.000023 0.001693
23 0.4261370E+06   5.0000 2.552 3.925 0.680000 0.300000 0.000054 0.003474 0.000056 0.001030 0.010020 0.000007 0.000023 0.001693
24 0.4508538E+06   5.0000 2.628 3.962 0.680000 0.300000 0.000054 0.003474 0.000056 0.001030 0.010020 0.000007 0.000023 0.001693
25 0.4752536E+06   5.0000 2.703 4.001 0.680000 0.300000 0.000054 0.003474 0.000056 0.001030 0.010020 0.000007 0.000023 0.001693
26 0.4996534E+06   5.0000 2.776 4.042 0.680000 0.300000 0.000054 0.003474 0.000056 0.001030 0.010020 0.000007 0.000023 0.001693
27 0.5231026E+06   5.0000 2.841 4.082 0.680000 0.300000 0.000054 0.003474 0.000056 0.001030 0.010020 0.000007 0.000023 0.001693
28 0.5484531E+06   5.0000 2.902 4.126 0.680000 0.300000 0.000052 0.003467 0.000063 0.001030 0.010020 0.000007 0.000023 0.001693
29 0.5738035E+06   5.0000 2.950 4.169 0.680000 0.300000 0.000036 0.003362 0.000166 0.001045 0.010020 0.000007 0.000022 0.001693
30 0.5991540E+06   5.0000 2.970 4.205 0.679900 0.300000 0.000015 0.002749 0.000523 0.001377 0.010020 0.000007 0.000021 0.001693
31 0.6245045E+06   5.0000 2.919 4.219 0.679800 0.300000 0.000014 0.002332 0.000545 0.001841 0.010020 0.000007 0.000020 0.001693
32 0.6508056E+06   5.0000 2.809 4.210 0.679700 0.300000 0.000009 0.001686 0.000531 0.002612 0.010020 0.000008 0.000017 0.001693
33 0.6752054E+06   5.0000 2.751 4.204 0.679600 0.300100 0.000005 0.001067 0.000417 0.003460 0.010020 0.000008 0.000014 0.001693
34 0.6996052E+06   5.0000 2.754 4.207 0.679500 0.300100 0.000003 0.000592 0.000247 0.004199 0.010020 0.000009 0.000011 0.001693
35 0.7233713E+06   5.0000 2.786 4.219 0.679400 0.300100 0.000002 0.000236 0.000098 0.004778 0.010020 0.000011 0.000007 0.001693
36 0.7499893E+06   5.0000 2.832 4.237 0.679300 0.300100 0.000001 0.000056 0.000019 0.005077 0.010010 0.000017 0.000001 0.001693
37 0.7766073E+06   5.0000 2.846 4.250 0.679200 0.300200 0.000001 0.000048 0.000015 0.005094 0.009998 0.000028 0.000000 0.001693
38 0.8048224E+06   5.0000 2.815 4.250 0.679100 0.300300 0.000001 0.000053 0.000017 0.005090 0.009985 0.000036 0.000000 0.001693
39 0.8399804E+06   5.0000 2.778 4.246 0.679000 0.300500 0.000001 0.000047 0.000015 0.005108 0.009963 0.000049 0.000000 0.001693
40 0.8746606E+06   5.0000 2.764 4.244 0.678800 0.300700 0.000001 0.000047 0.000015 0.005118 0.009942 0.000059 0.000000 0.001693
41 0.9237786E+06   5.0000 2.761 4.243 0.678600 0.300900 0.000001 0.000047 0.000015 0.005136 0.009912 0.000069 0.000000 0.001693
42 0.9598696E+06   5.0000 2.761 4.243 0.678400 0.301100 0.000001 0.000047 0.000015 0.005151 0.009889 0.000075 0.000000 0.001693
43 0.1008954E+07   5.0000 2.761 4.243 0.678200 0.301300 0.000001 0.000048 0.000015 0.005169 0.009863 0.000080 0.000000 0.001693
44 0.1053129E+07   5.0000 2.761 4.243 0.678000 0.301500 0.000001 0.000048 0.000015 0.005189 0.009836 0.000084 0.000000 0.001693
45 0.1110557E+07   5.0000 2.761 4.243 0.677700 0.301800 0.000001 0.000048 0.000015 0.005216 0.009802 0.000088 0.000000 0.001693
46 0.1237473E+07   5.0000 2.761 4.243 0.677100 0.302400 0.000001 0.000048 0.000015 0.005272 0.009734 0.000091 0.000000 0.001693
47 0.1351698E+07   5.0000 2.761 4.243 0.676600 0.302900 0.000001 0.000049 0.000015 0.005327 0.009668 0.000093 0.000000 0.001693
48 0.1500189E+07   5.0000 2.760 4.243 0.676000 0.303600 0.000001 0.000049 0.000015 0.005389 0.009596 0.000093 0.000000 0.001693
49 0.1633832E+07   5.0000 2.760 4.242 0.675300 0.304200 0.000001 0.000050 0.000015 0.005451 0.009524 0.000094 0.000000 0.001693
50 0.1807567E+07   5.0000 2.760 4.242 0.674500 0.305000 0.000001 0.000051 0.000016 0.005530 0.009432 0.000095 0.000000 0.001693
51 0.2033423E+07   5.0000 2.761 4.242 0.673400 0.306100 0.000001 0.000052 0.000016 0.005631 0.009315 0.000094 0.000000 0.001693

    3.00

 1 1.0000000E+01   3.0000 2.592 3.619 0.680000 0.300000 0.000041 0.003474 0.000056 0.001030 0.010020 0.000007 0.000023 0.001693
 2 0.2696102E+04   3.0000 2.438 3.631 0.680000 0.300000 0.000041 0.003474 0.000056 0.001030 0.010020 0.000007 0.000023 0.001693
 3 0.6956989E+04   3.0000 2.290 3.642 0.680000 0.300000 0.000041 0.003474 0.000056 0.001030 0.010020 0.000007 0.000023 0.001693
 4 0.1456111E+05   3.0000 2.145 3.652 0.680000 0.300000 0.000041 0.003474 0.000056 0.001030 0.010020 0.000007 0.000023 0.001693
 5 0.2834207E+05   3.0000 2.004 3.662 0.680000 0.300000 0.000043 0.003474 0.000056 0.001030 0.010020 0.000007 0.000023 0.001693
 6 0.6100002E+05   3.0000 1.860 3.672 0.680000 0.300000 0.000054 0.003474 0.000056 0.001030 0.010020 0.000007 0.000023 0.001693
 7 0.9881870E+05   3.0000 1.711 3.681 0.680000 0.300000 0.000054 0.003474 0.000056 0.001030 0.010020 0.000007 0.000023 0.001693
 8 0.1760090E+06   3.0000 1.548 3.692 0.680000 0.300000 0.000054 0.003474 0.000056 0.001030 0.010020 0.000007 0.000023 0.001693
 9 0.2667059E+06   3.0000 1.433 3.699 0.680000 0.300000 0.000054 0.003474 0.000056 0.001030 0.010020 0.000007 0.000023 0.001693
10 0.3531394E+06   3.0000 1.366 3.705 0.680000 0.300000 0.000054 0.003474 0.000056 0.001030 0.010020 0.000007 0.000023 0.001693
11 0.4319584E+06   3.0000 1.316 3.707 0.680000 0.300000 0.000054 0.003474 0.000056 0.001030 0.010020 0.000007 0.000023 0.001693
12 0.5126677E+06   3.0000 1.278 3.711 0.680000 0.300000 0.000054 0.003474 0.000056 0.001030 0.010020 0.000007 0.000023 0.001693
13 0.6039964E+06   3.0000 1.246 3.714 0.680000 0.300000 0.000054 0.003474 0.000056 0.001030 0.010020 0.000007 0.000023 0.001693
14 0.6803499E+06   3.0000 1.228 3.716 0.680000 0.300000 0.000054 0.003474 0.000056 0.001030 0.010020 0.000007 0.000023 0.001693
15 0.7570215E+06   3.0000 1.216 3.719 0.680000 0.300000 0.000054 0.003474 0.000056 0.001030 0.010020 0.000007 0.000023 0.001693
16 0.8352056E+06   3.0000 1.210 3.721 0.680000 0.300000 0.000054 0.003474 0.000056 0.001030 0.010020 0.000007 0.000023 0.001693
17 0.9219338E+06   3.0000 1.212 3.725 0.680000 0.300000 0.000054 0.003474 0.000056 0.001030 0.010020 0.000007 0.000023 0.001693
18 0.1017589E+07   3.0000 1.226 3.729 0.680000 0.300000 0.000054 0.003474 0.000056 0.001030 0.010020 0.000007 0.000023 0.001693
19 0.1094762E+07   3.0000 1.247 3.733 0.680000 0.300000 0.000054 0.003474 0.000056 0.001030 0.010020 0.000007 0.000023 0.001693
20 0.1187203E+07   3.0000 1.286 3.739 0.680000 0.300000 0.000054 0.003474 0.000056 0.001030 0.010020 0.000007 0.000023 0.001693
21 0.1269157E+07   3.0000 1.338 3.745 0.680000 0.300000 0.000054 0.003474 0.000056 0.001030 0.010020 0.000007 0.000023 0.001693
22 0.1351473E+07   3.0000 1.399 3.752 0.680000 0.300000 0.000054 0.003474 0.000056 0.001030 0.010020 0.000007 0.000023 0.001693
23 0.1443893E+07   3.0000 1.467 3.761 0.680000 0.300000 0.000054 0.003474 0.000056 0.001030 0.010020 0.000007 0.000023 0.001693
24 0.1529762E+07   3.0000 1.523 3.771 0.680000 0.300000 0.000054 0.003474 0.000056 0.001030 0.010020 0.000007 0.000023 0.001693
25 0.1611238E+07   3.0000 1.578 3.781 0.680000 0.300000 0.000054 0.003474 0.000056 0.001030 0.010020 0.000007 0.000023 0.001693
26 0.1721392E+07   3.0000 1.657 3.802 0.680000 0.300000 0.000054 0.003474 0.000056 0.001030 0.010020 0.000007 0.000023 0.001693
27 0.1813041E+07   3.0000 1.729 3.829 0.680000 0.300000 0.000054 0.003474 0.000056 0.001030 0.010020 0.000007 0.000023 0.001693
28 0.1892152E+07   3.0000 1.795 3.858 0.680000 0.300000 0.000054 0.003474 0.000056 0.001030 0.010020 0.000007 0.000023 0.001693
29 0.1988083E+07   3.0000 1.877 3.897 0.680000 0.300000 0.000055 0.003474 0.000056 0.001030 0.010020 0.000007 0.000023 0.001693
30 0.2064498E+07   3.0000 1.945 3.930 0.680000 0.300000 0.000055 0.003473 0.000056 0.001030 0.010020 0.000007 0.000023 0.001693
31 0.2144548E+07   3.0000 2.013 3.967 0.680000 0.300000 0.000055 0.003468 0.000062 0.001030 0.010020 0.000007 0.000023 0.001693
32 0.2223025E+07   3.0000 2.073 4.003 0.680000 0.300000 0.000045 0.003421 0.000111 0.001035 0.010020 0.000007 0.000023 0.001693
33 0.2307906E+07   3.0000 2.124 4.041 0.679900 0.300000 0.000018 0.002870 0.000473 0.001290 0.010020 0.000007 0.000022 0.001693
34 0.2384064E+07   3.0000 2.126 4.066 0.679900 0.300000 0.000015 0.002553 0.000533 0.001594 0.010020 0.000007 0.000021 0.001693
35 0.2463006E+07   3.0000 2.044 4.068 0.679800 0.300000 0.000013 0.002162 0.000558 0.002025 0.010020 0.000007 0.000020 0.001693
36 0.2562019E+07   3.0000 1.925 4.054 0.679700 0.300100 0.000007 0.001338 0.000497 0.003055 0.010020 0.000008 0.000018 0.001693
37 0.2692143E+07   3.0000 1.912 4.057 0.679500 0.300100 0.000006 0.000608 0.000253 0.004171 0.010020 0.000009 0.000014 0.001693
38 0.2823262E+07   3.0000 1.968 4.077 0.679400 0.300100 0.000004 0.000149 0.000060 0.004919 0.010020 0.000011 0.000007 0.001693
39 0.2913591E+07   3.0000 2.009 4.093 0.679300 0.300200 0.000003 0.000045 0.000015 0.005093 0.010010 0.000018 0.000002 0.001693
40 0.3036086E+07   3.0000 2.008 4.103 0.679100 0.300400 0.000002 0.000039 0.000012 0.005106 0.009992 0.000035 0.000000 0.001693
41 0.3154481E+07   3.0000 1.976 4.102 0.678900 0.300500 0.000002 0.000039 0.000012 0.005107 0.009978 0.000049 0.000000 0.001693
42 0.3250381E+07   3.0000 1.954 4.100 0.678800 0.300700 0.000002 0.000039 0.000012 0.005108 0.009966 0.000059 0.000000 0.001693
43 0.3328060E+07   3.0000 1.943 4.098 0.678700 0.300800 0.000002 0.000039 0.000012 0.005111 0.009957 0.000068 0.000000 0.001693
44 0.3443155E+07   3.0000 1.939 4.098 0.678500 0.300900 0.000002 0.000038 0.000012 0.005114 0.009940 0.000082 0.000000 0.001693
45 0.3527725E+07   3.0000 1.938 4.098 0.678400 0.301000 0.000002 0.000039 0.000012 0.005115 0.009931 0.000089 0.000000 0.001693
46 0.3657117E+07   3.0000 1.938 4.098 0.678200 0.301200 0.000002 0.000039 0.000012 0.005120 0.009913 0.000103 0.000000 0.001693
47 0.3825327E+07   3.0000 1.938 4.098 0.678000 0.301500 0.000002 0.000039 0.000012 0.005125 0.009893 0.000118 0.000000 0.001693
48 0.3976716E+07   3.0000 1.938 4.098 0.677800 0.301700 0.000002 0.000039 0.000012 0.005132 0.009872 0.000132 0.000000 0.001693
49 0.4173522E+07   3.0000 1.938 4.098 0.677600 0.301900 0.000002 0.000039 0.000012 0.005140 0.009850 0.000145 0.000000 0.001693
50 0.4350647E+07   3.0000 1.937 4.098 0.677300 0.302200 0.000002 0.000039 0.000012 0.005149 0.009826 0.000160 0.000000 0.001693
51 0.4580910E+07   3.0000 1.937 4.098 0.676900 0.302500 0.000002 0.000039 0.000012 0.005162 0.009795 0.000177 0.000000 0.001693

    2.00

 1 1.0000000E+01   2.0000 2.243 3.621 0.680000 0.300000 0.000041 0.003474 0.000056 0.001030 0.010020 0.000007 0.000023 0.001693
 2 0.3733068E+04   2.0000 2.090 3.630 0.680000 0.300000 0.000041 0.003474 0.000056 0.001030 0.010020 0.000007 0.000023 0.001693
 3 0.9919275E+04   2.0000 1.944 3.640 0.680000 0.300000 0.000041 0.003474 0.000056 0.001030 0.010020 0.000007 0.000023 0.001693
 4 0.2160368E+05   2.0000 1.790 3.650 0.680000 0.300000 0.000041 0.003474 0.000056 0.001030 0.010020 0.000007 0.000023 0.001693
 5 0.4539219E+05   2.0000 1.650 3.659 0.680000 0.300000 0.000046 0.003474 0.000056 0.001030 0.010020 0.000007 0.000023 0.001693
 6 0.8492547E+05   2.0000 1.517 3.667 0.680000 0.300000 0.000054 0.003474 0.000056 0.001030 0.010020 0.000007 0.000023 0.001693
 7 0.1315440E+06   2.0000 1.384 3.675 0.680000 0.300000 0.000054 0.003474 0.000056 0.001030 0.010020 0.000007 0.000023 0.001693
 8 0.2056014E+06   2.0000 1.242 3.680 0.680000 0.300000 0.000054 0.003474 0.000056 0.001030 0.010020 0.000007 0.000023 0.001693
 9 0.3315615E+06   2.0000 1.102 3.685 0.680000 0.300000 0.000054 0.003474 0.000056 0.001030 0.010020 0.000007 0.000023 0.001693
10 0.5338796E+06   2.0000 0.963 3.690 0.680000 0.300000 0.000054 0.003474 0.000056 0.001030 0.010020 0.000007 0.000023 0.001693
11 0.8732801E+06   2.0000 0.828 3.696 0.680000 0.300000 0.000054 0.003474 0.000056 0.001030 0.010020 0.000007 0.000023 0.001693
12 0.1567352E+07   2.0000 0.695 3.703 0.680000 0.300000 0.000054 0.003474 0.000056 0.001030 0.010020 0.000007 0.000023 0.001693
13 0.2399747E+07   2.0000 0.650 3.714 0.680000 0.300000 0.000054 0.003474 0.000056 0.001030 0.010020 0.000007 0.000023 0.001693
14 0.3200045E+07   2.0000 0.690 3.729 0.680000 0.300000 0.000054 0.003474 0.000056 0.001030 0.010020 0.000007 0.000023 0.001693
15 0.3783363E+07   2.0000 0.779 3.744 0.680000 0.300000 0.000054 0.003474 0.000056 0.001030 0.010020 0.000007 0.000023 0.001693
16 0.4250875E+07   2.0000 0.919 3.760 0.680000 0.300000 0.000055 0.003474 0.000056 0.001030 0.010020 0.000007 0.000023 0.001693
17 0.4611773E+07   2.0000 1.025 3.775 0.680000 0.300000 0.000056 0.003474 0.000056 0.001030 0.010020 0.000007 0.000023 0.001693
18 0.4984022E+07   2.0000 1.132 3.793 0.680000 0.300000 0.000058 0.003474 0.000056 0.001030 0.010020 0.000007 0.000023 0.001693
19 0.5256792E+07   2.0000 1.212 3.813 0.680000 0.300000 0.000061 0.003473 0.000057 0.001030 0.010020 0.000007 0.000023 0.001693
20 0.5400630E+07   2.0000 1.255 3.829 0.680000 0.300000 0.000062 0.003471 0.000059 0.001030 0.010020 0.000007 0.000023 0.001693
21 0.5573441E+07   2.0000 1.305 3.852 0.680000 0.300000 0.000062 0.003460 0.000071 0.001031 0.010020 0.000007 0.000023 0.001693
22 0.5685351E+07   2.0000 1.336 3.869 0.680000 0.300000 0.000056 0.003436 0.000095 0.001033 0.010020 0.000007 0.000023 0.001693
23 0.5805469E+07   2.0000 1.366 3.887 0.680000 0.300000 0.000044 0.003358 0.000168 0.001047 0.010020 0.000007 0.000023 0.001693
24 0.5932455E+07   2.0000 1.395 3.905 0.679900 0.300000 0.000028 0.003121 0.000349 0.001129 0.010020 0.000007 0.000022 0.001693
25 0.6078438E+07   2.0000 1.414 3.924 0.679900 0.300100 0.000020 0.002770 0.000510 0.001366 0.010020 0.000007 0.000022 0.001693
26 0.6275466E+07   2.0000 1.395 3.939 0.679900 0.300100 0.000020 0.002561 0.000522 0.001597 0.010020 0.000007 0.000021 0.001693
27 0.6633372E+07   2.0000 1.247 3.931 0.679700 0.300100 0.000013 0.001744 0.000574 0.002496 0.010020 0.000007 0.000020 0.001693
28 0.7445499E+07   2.0000 1.222 3.936 0.679400 0.300200 0.000009 0.000331 0.000140 0.004617 0.010020 0.000008 0.000014 0.001693
29 0.7773471E+07   2.0000 1.276 3.955 0.679200 0.300200 0.000007 0.000076 0.000030 0.005037 0.010020 0.000011 0.000007 0.001693
30 0.8114561E+07   2.0000 1.305 3.970 0.679100 0.300400 0.000005 0.000032 0.000010 0.005113 0.010010 0.000019 0.000002 0.001693
31 0.9069853E+07   2.0000 1.258 3.973 0.678500 0.300900 0.000004 0.000032 0.000010 0.005115 0.009980 0.000050 0.000000 0.001693
32 0.9884128E+07   2.0000 1.242 3.972 0.678100 0.301400 0.000004 0.000032 0.000010 0.005116 0.009956 0.000075 0.000000 0.001693
33 0.1072926E+08   2.0000 1.240 3.972 0.677600 0.301800 0.000004 0.000032 0.000010 0.005117 0.009930 0.000101 0.000000 0.001693
34 0.1171807E+08   2.0000 1.240 3.972 0.677100 0.302400 0.000004 0.000032 0.000010 0.005119 0.009901 0.000129 0.000000 0.001693
35 0.1287498E+08   2.0000 1.239 3.972 0.676500 0.303000 0.000004 0.000032 0.000010 0.005121 0.009869 0.000160 0.000000 0.001693
36 0.1437959E+08   2.0000 1.239 3.972 0.675700 0.303800 0.000004 0.000032 0.000010 0.005126 0.009827 0.000198 0.000000 0.001693
37 0.1588477E+08   2.0000 1.239 3.972 0.674800 0.304600 0.000004 0.000032 0.000010 0.005133 0.009780 0.000240 0.000000 0.001693
38 0.1667697E+08   2.0000 1.239 3.972 0.674400 0.305100 0.000004 0.000032 0.000010 0.005137 0.009755 0.000261 0.000000 0.001693
39 0.1746918E+08   2.0000 1.238 3.972 0.673900 0.305500 0.000004 0.000032 0.000010 0.005142 0.009730 0.000282 0.000000 0.001693
40 0.1826138E+08   2.0000 1.238 3.972 0.673500 0.306000 0.000004 0.000032 0.000010 0.005147 0.009705 0.000303 0.000000 0.001693
41 0.1905358E+08   2.0000 1.238 3.972 0.673200 0.306300 0.000004 0.000032 0.000010 0.005151 0.009692 0.000312 0.000000 0.001693
42 0.2055876E+08   2.0000 1.239 3.972 0.672400 0.307100 0.000004 0.000032 0.000010 0.005161 0.009647 0.000347 0.000000 0.001693
43 0.2135097E+08   2.0000 1.239 3.972 0.671900 0.307600 0.000004 0.000032 0.000010 0.005167 0.009623 0.000366 0.000000 0.001693
44 0.2214317E+08   2.0000 1.239 3.972 0.671500 0.308000 0.000004 0.000033 0.000010 0.005173 0.009599 0.000383 0.000000 0.001693
45 0.2293537E+08   2.0000 1.239 3.972 0.671000 0.308500 0.000004 0.000033 0.000010 0.005180 0.009575 0.000400 0.000000 0.001693
46 0.2372757E+08   2.0000 1.239 3.972 0.670600 0.308900 0.000004 0.000033 0.000010 0.005187 0.009551 0.000417 0.000000 0.001693
47 0.2451978E+08   2.0000 1.239 3.971 0.670100 0.309400 0.000004 0.000033 0.000010 0.005194 0.009527 0.000434 0.000000 0.001693
48 0.2531198E+08   2.0000 1.239 3.971 0.669700 0.309800 0.000004 0.000033 0.000010 0.005202 0.009503 0.000449 0.000000 0.001693
49 0.2610418E+08   2.0000 1.239 3.971 0.669200 0.310300 0.000004 0.000033 0.000010 0.005210 0.009480 0.000465 0.000000 0.001693
50 0.2689638E+08   2.0000 1.239 3.971 0.668800 0.310700 0.000004 0.000033 0.000010 0.005218 0.009456 0.000480 0.000000 0.001693
51 0.2768858E+08   2.0000 1.239 3.971 0.668300 0.311200 0.000004 0.000033 0.000010 0.005227 0.009432 0.000495 0.000000 0.001693

    1.50

 1 1.0000000E+01   1.5000 1.852 3.628 0.680000 0.300000 0.000041 0.003474 0.000056 0.001030 0.010020 0.000007 0.000023 0.001693
 2 0.7394436E+04   1.5000 1.712 3.637 0.680000 0.300000 0.000041 0.003474 0.000056 0.001030 0.010020 0.000007 0.000023 0.001693
 3 0.2002114E+05   1.5000 1.568 3.644 0.680000 0.300000 0.000041 0.003474 0.000056 0.001030 0.010020 0.000007 0.000023 0.001693
 4 0.4506403E+05   1.5000 1.436 3.652 0.680000 0.300000 0.000045 0.003474 0.000056 0.001030 0.010020 0.000007 0.000023 0.001693
 5 0.9038435E+05   1.5000 1.305 3.658 0.680000 0.300000 0.000054 0.003474 0.000056 0.001030 0.010020 0.000007 0.000023 0.001693
 6 0.1493488E+06   1.5000 1.152 3.665 0.680000 0.300000 0.000054 0.003474 0.000056 0.001030 0.010020 0.000007 0.000023 0.001693
 7 0.2401943E+06   1.5000 1.014 3.671 0.680000 0.300000 0.000054 0.003474 0.000056 0.001030 0.010020 0.000007 0.000023 0.001693
 8 0.3765287E+06   1.5000 0.878 3.674 0.680000 0.300000 0.000054 0.003474 0.000056 0.001030 0.010020 0.000007 0.000023 0.001693
 9 0.6073564E+06   1.5000 0.739 3.678 0.680000 0.300000 0.000054 0.003474 0.000056 0.001030 0.010020 0.000007 0.000023 0.001693
10 0.9419968E+06   1.5000 0.603 3.679 0.680000 0.300000 0.000054 0.003474 0.000056 0.001030 0.010020 0.000007 0.000023 0.001693
11 0.1472425E+07   1.5000 0.472 3.681 0.680000 0.300000 0.000054 0.003474 0.000056 0.001030 0.010020 0.000007 0.000023 0.001693
12 0.2311819E+07   1.5000 0.353 3.683 0.680000 0.300000 0.000054 0.003474 0.000056 0.001030 0.010020 0.000007 0.000023 0.001693
13 0.3173165E+07   1.5000 0.290 3.687 0.680000 0.300000 0.000054 0.003474 0.000056 0.001030 0.010020 0.000007 0.000023 0.001693
14 0.4174674E+07   1.5000 0.264 3.695 0.680000 0.300000 0.000054 0.003474 0.000056 0.001030 0.010020 0.000007 0.000023 0.001693
15 0.5019689E+07   1.5000 0.260 3.702 0.680000 0.300000 0.000054 0.003474 0.000056 0.001030 0.010020 0.000007 0.000023 0.001693
16 0.5864705E+07   1.5000 0.273 3.709 0.680000 0.300000 0.000054 0.003474 0.000056 0.001030 0.010020 0.000007 0.000023 0.001693
17 0.6709721E+07   1.5000 0.314 3.720 0.680000 0.300000 0.000055 0.003474 0.000056 0.001030 0.010020 0.000007 0.000023 0.001693
18 0.7654448E+07   1.5000 0.390 3.735 0.680000 0.300000 0.000057 0.003474 0.000056 0.001030 0.010020 0.000007 0.000023 0.001693
19 0.8550165E+07   1.5000 0.486 3.749 0.680000 0.300000 0.000060 0.003474 0.000056 0.001030 0.010020 0.000007 0.000023 0.001693
20 0.9315368E+07   1.5000 0.602 3.765 0.680000 0.300000 0.000066 0.003474 0.000056 0.001030 0.010020 0.000007 0.000023 0.001693
21 0.1002895E+08   1.5000 0.703 3.781 0.680000 0.300000 0.000077 0.003471 0.000058 0.001030 0.010020 0.000007 0.000023 0.001693
22 0.1072355E+08   1.5000 0.794 3.800 0.679900 0.300000 0.000076 0.003442 0.000089 0.001033 0.010020 0.000007 0.000023 0.001693
23 0.1133850E+08   1.5000 0.858 3.820 0.679900 0.300100 0.000037 0.003104 0.000354 0.001144 0.010020 0.000007 0.000022 0.001693
24 0.1179454E+08   1.5000 0.876 3.836 0.679800 0.300100 0.000028 0.002846 0.000476 0.001314 0.010020 0.000007 0.000022 0.001693
25 0.1267547E+08   1.5000 0.768 3.843 0.679700 0.300100 0.000022 0.002295 0.000593 0.001830 0.010020 0.000007 0.000021 0.001693
26 0.1363029E+08   1.5000 0.649 3.834 0.679500 0.300200 0.000021 0.001439 0.000537 0.002892 0.010020 0.000007 0.000020 0.001693
27 0.1458093E+08   1.5000 0.656 3.836 0.679300 0.300300 0.000019 0.000804 0.000336 0.003850 0.010020 0.000007 0.000018 0.001693
28 0.1547301E+08   1.5000 0.699 3.845 0.679200 0.300400 0.000016 0.000324 0.000138 0.004625 0.010020 0.000008 0.000015 0.001693
29 0.1680635E+08   1.5000 0.753 3.863 0.678900 0.300600 0.000010 0.000040 0.000014 0.005096 0.010020 0.000011 0.000007 0.001693
30 0.1849494E+08   1.5000 0.751 3.873 0.678300 0.301200 0.000008 0.000027 0.000008 0.005122 0.010000 0.000026 0.000001 0.001693
31 0.1955122E+08   1.5000 0.739 3.874 0.677900 0.301500 0.000008 0.000027 0.000008 0.005122 0.009994 0.000035 0.000000 0.001693
32 0.2050186E+08   1.5000 0.730 3.874 0.677700 0.301700 0.000008 0.000027 0.000008 0.005122 0.009990 0.000039 0.000000 0.001693
33 0.2135744E+08   1.5000 0.725 3.873 0.677500 0.302000 0.000008 0.000027 0.000008 0.005122 0.009985 0.000045 0.000000 0.001693
34 0.2312848E+08   1.5000 0.722 3.873 0.677000 0.302500 0.000008 0.000027 0.000008 0.005122 0.009974 0.000057 0.000000 0.001693
35 0.2402941E+08   1.5000 0.721 3.873 0.676700 0.302800 0.000008 0.000027 0.000008 0.005122 0.009967 0.000064 0.000000 0.001693
36 0.2508568E+08   1.5000 0.721 3.873 0.676400 0.303100 0.000008 0.000027 0.000008 0.005122 0.009959 0.000073 0.000000 0.001693
37 0.2614195E+08   1.5000 0.721 3.873 0.676100 0.303300 0.000008 0.000027 0.000008 0.005122 0.009954 0.000079 0.000000 0.001693
38 0.2709259E+08   1.5000 0.721 3.873 0.675800 0.303600 0.000008 0.000027 0.000008 0.005122 0.009947 0.000086 0.000000 0.001693
39 0.2814886E+08   1.5000 0.722 3.873 0.675500 0.304000 0.000008 0.000027 0.000008 0.005122 0.009939 0.000094 0.000000 0.001693
40 0.2920513E+08   1.5000 0.721 3.873 0.675300 0.304200 0.000008 0.000027 0.000008 0.005122 0.009934 0.000099 0.000000 0.001693
41 0.3015577E+08   1.5000 0.721 3.873 0.675000 0.304500 0.000008 0.000027 0.000008 0.005122 0.009927 0.000107 0.000000 0.001693
42 0.3121204E+08   1.5000 0.722 3.873 0.674600 0.304800 0.000008 0.000027 0.000008 0.005122 0.009920 0.000115 0.000000 0.001693
43 0.3226831E+08   1.5000 0.722 3.873 0.674300 0.305100 0.000008 0.000027 0.000008 0.005122 0.009912 0.000123 0.000000 0.001693
44 0.3332458E+08   1.5000 0.722 3.873 0.674000 0.305500 0.000008 0.000027 0.000008 0.005122 0.009904 0.000131 0.000000 0.001693
45 0.3438085E+08   1.5000 0.722 3.873 0.673700 0.305800 0.000008 0.000027 0.000008 0.005122 0.009896 0.000139 0.000000 0.001693
46 0.3543712E+08   1.5000 0.722 3.873 0.673500 0.306000 0.000008 0.000027 0.000008 0.005123 0.009894 0.000142 0.000000 0.001693
47 0.3638776E+08   1.5000 0.722 3.873 0.673200 0.306300 0.000008 0.000027 0.000008 0.005123 0.009887 0.000149 0.000000 0.001693
48 0.3744403E+08   1.5000 0.722 3.873 0.672900 0.306600 0.000008 0.000027 0.000008 0.005123 0.009879 0.000157 0.000000 0.001693
49 0.3850030E+08   1.5000 0.722 3.873 0.672600 0.306900 0.000008 0.000027 0.000008 0.005123 0.009872 0.000164 0.000000 0.001693
50 0.3955657E+08   1.5000 0.722 3.873 0.672200 0.307200 0.000008 0.000027 0.000008 0.005123 0.009864 0.000172 0.000000 0.001693
51 0.4061284E+08   1.5000 0.722 3.873 0.671900 0.307500 0.000008 0.000027 0.000008 0.005123 0.009856 0.000180 0.000000 0.001693

    1.00

 1 1.0000000E+01   1.0000 1.642 3.613 0.680000 0.300000 0.000041 0.003474 0.000056 0.001030 0.010020 0.000007 0.000023 0.001693
 2 0.6003655E+04   1.0000 1.507 3.622 0.680000 0.300000 0.000041 0.003474 0.000056 0.001030 0.010020 0.000007 0.000023 0.001693
 3 0.1635035E+05   1.0000 1.364 3.628 0.680000 0.300000 0.000041 0.003474 0.000056 0.001030 0.010020 0.000007 0.000023 0.001693
 4 0.3317123E+05   1.0000 1.223 3.635 0.680000 0.300000 0.000041 0.003474 0.000056 0.001030 0.010020 0.000007 0.000023 0.001693
 5 0.6976351E+05   1.0000 1.088 3.639 0.680000 0.300000 0.000046 0.003474 0.000056 0.001030 0.010020 0.000007 0.000023 0.001693
 6 0.1300829E+06   1.0000 0.954 3.644 0.680000 0.300000 0.000054 0.003474 0.000056 0.001030 0.010020 0.000007 0.000023 0.001693
 7 0.2109572E+06   1.0000 0.801 3.650 0.680000 0.300000 0.000054 0.003474 0.000056 0.001030 0.010020 0.000007 0.000023 0.001693
 8 0.3330610E+06   1.0000 0.652 3.651 0.680000 0.300000 0.000054 0.003474 0.000056 0.001030 0.010020 0.000007 0.000023 0.001693
 9 0.5369206E+06   1.0000 0.508 3.654 0.680000 0.300000 0.000054 0.003474 0.000056 0.001030 0.010020 0.000007 0.000023 0.001693
10 0.8395097E+06   1.0000 0.363 3.653 0.680000 0.300000 0.000054 0.003474 0.000056 0.001030 0.010020 0.000007 0.000023 0.001693
11 0.1299192E+07   1.0000 0.225 3.651 0.680000 0.300000 0.000054 0.003474 0.000056 0.001030 0.010020 0.000007 0.000023 0.001693
12 0.1951565E+07   1.0000 0.092 3.648 0.680000 0.300000 0.000054 0.003474 0.000056 0.001030 0.010020 0.000007 0.000023 0.001693
13 0.3033290E+07   1.0000 -.048 3.645 0.680000 0.300000 0.000054 0.003474 0.000056 0.001030 0.010020 0.000007 0.000023 0.001693
14 0.4125008E+07   1.0000 -.135 3.644 0.680000 0.300000 0.000054 0.003474 0.000056 0.001030 0.010020 0.000007 0.000023 0.001693
15 0.5123183E+07   1.0000 -.195 3.643 0.680000 0.300000 0.000054 0.003474 0.000056 0.001030 0.010020 0.000007 0.000023 0.001693
16 0.6121358E+07   1.0000 -.238 3.643 0.680000 0.300000 0.000054 0.003474 0.000056 0.001030 0.010020 0.000007 0.000023 0.001693
17 0.7113829E+07   1.0000 -.273 3.643 0.680000 0.300000 0.000054 0.003474 0.000056 0.001030 0.010020 0.000007 0.000023 0.001693
18 0.8112004E+07   1.0000 -.300 3.644 0.680000 0.300000 0.000054 0.003474 0.000056 0.001030 0.010020 0.000007 0.000023 0.001693
19 0.9110178E+07   1.0000 -.314 3.647 0.680000 0.300000 0.000054 0.003474 0.000056 0.001030 0.010020 0.000007 0.000023 0.001693
20 0.1010835E+08   1.0000 -.326 3.649 0.680000 0.300000 0.000054 0.003474 0.000056 0.001030 0.010020 0.000007 0.000023 0.001693
21 0.1110653E+08   1.0000 -.332 3.652 0.680000 0.300000 0.000055 0.003474 0.000056 0.001030 0.010020 0.000007 0.000023 0.001693
22 0.1210470E+08   1.0000 -.334 3.655 0.680000 0.300000 0.000055 0.003474 0.000056 0.001030 0.010020 0.000007 0.000023 0.001693
23 0.1310288E+08   1.0000 -.332 3.659 0.680000 0.300000 0.000056 0.003474 0.000056 0.001030 0.010020 0.000007 0.000023 0.001693
24 0.1410105E+08   1.0000 -.324 3.663 0.680000 0.300000 0.000057 0.003474 0.000056 0.001030 0.010020 0.000007 0.000023 0.001693
25 0.1509124E+08   1.0000 -.303 3.671 0.680000 0.300000 0.000059 0.003474 0.000056 0.001030 0.010020 0.000007 0.000023 0.001693
26 0.1635035E+08   1.0000 -.285 3.678 0.680000 0.300000 0.000061 0.003474 0.000056 0.001030 0.010020 0.000007 0.000023 0.001693
27 0.1730099E+08   1.0000 -.274 3.682 0.680000 0.300000 0.000064 0.003474 0.000056 0.001030 0.010020 0.000007 0.000023 0.001693
28 0.1825163E+08   1.0000 -.259 3.686 0.680000 0.300000 0.000068 0.003474 0.000056 0.001030 0.010020 0.000007 0.000023 0.001693
29 0.1920228E+08   1.0000 -.242 3.691 0.680000 0.300000 0.000073 0.003474 0.000056 0.001030 0.010020 0.000007 0.000023 0.001693
30 0.2015292E+08   1.0000 -.218 3.697 0.680000 0.300000 0.000079 0.003474 0.000056 0.001030 0.010020 0.000007 0.000023 0.001693
31 0.2135707E+08   1.0000 -.177 3.707 0.680000 0.300000 0.000090 0.003474 0.000056 0.001030 0.010020 0.000007 0.000023 0.001693
32 0.2230771E+08   1.0000 -.146 3.714 0.679900 0.300000 0.000102 0.003474 0.000056 0.001030 0.010020 0.000007 0.000023 0.001693
33 0.2325835E+08   1.0000 -.113 3.722 0.679900 0.300000 0.000117 0.003473 0.000057 0.001030 0.010020 0.000007 0.000023 0.001693
34 0.2420900E+08   1.0000 -.083 3.729 0.679900 0.300000 0.000135 0.003472 0.000058 0.001030 0.010020 0.000007 0.000023 0.001693
35 0.2515964E+08   1.0000 -.050 3.736 0.679900 0.300000 0.000149 0.003468 0.000062 0.001030 0.010020 0.000007 0.000023 0.001693
36 0.2611028E+08   1.0000 -.017 3.743 0.679900 0.300000 0.000147 0.003458 0.000073 0.001031 0.010020 0.000007 0.000023 0.001693
37 0.2706092E+08   1.0000 0.013 3.750 0.679800 0.300100 0.000115 0.003424 0.000107 0.001035 0.010020 0.000007 0.000023 0.001693
38 0.2826507E+08   1.0000 0.043 3.758 0.679700 0.300200 0.000069 0.003277 0.000238 0.001067 0.010020 0.000007 0.000022 0.001693
39 0.2921571E+08   1.0000 0.054 3.764 0.679700 0.300200 0.000067 0.003247 0.000260 0.001078 0.010020 0.000007 0.000022 0.001693
40 0.3030547E+08   1.0000 0.049 3.767 0.679700 0.300300 0.000061 0.003155 0.000324 0.001117 0.010020 0.000007 0.000022 0.001693
41 0.3144286E+08   1.0000 0.026 3.769 0.679600 0.300300 0.000056 0.003016 0.000403 0.001194 0.010020 0.000007 0.000022 0.001693
42 0.3257385E+08   1.0000 -.010 3.769 0.679600 0.300400 0.000048 0.002768 0.000525 0.001352 0.010020 0.000007 0.000022 0.001693
43 0.3380969E+08   1.0000 -.053 3.767 0.679500 0.300400 0.000047 0.002533 0.000592 0.001555 0.010020 0.000007 0.000022 0.001693
44 0.3476033E+08   1.0000 -.082 3.765 0.679400 0.300500 0.000046 0.002328 0.000631 0.001752 0.010020 0.000007 0.000022 0.001693
45 0.3580604E+08   1.0000 -.108 3.763 0.679300 0.300600 0.000047 0.002129 0.000645 0.001969 0.010020 0.000007 0.000021 0.001693
46 0.3703775E+08   1.0000 -.125 3.761 0.679200 0.300600 0.000047 0.001923 0.000637 0.002218 0.010020 0.000007 0.000021 0.001693
47 0.3911935E+08   1.0000 -.133 3.760 0.679000 0.300800 0.000048 0.001629 0.000593 0.002608 0.010020 0.000007 0.000021 0.001693
48 0.4064888E+08   1.0000 -.130 3.760 0.678900 0.300800 0.000047 0.001440 0.000549 0.002877 0.010020 0.000007 0.000020 0.001693
49 0.4223328E+08   1.0000 -.125 3.761 0.678700 0.300900 0.000047 0.001266 0.000500 0.003133 0.010020 0.000007 0.000020 0.001693
50 0.4381769E+08   1.0000 -.121 3.761 0.678600 0.301000 0.000047 0.001109 0.000450 0.003370 0.010020 0.000007 0.000020 0.001693
51 0.4540209E+08   1.0000 -.116 3.762 0.678500 0.301200 0.000046 0.000968 0.000400 0.003588 0.010020 0.000007 0.000019 0.001693

    0.80

 1 1.0000000E+01   0.8000 1.344 3.615 0.680000 0.300000 0.000041 0.003474 0.000056 0.001030 0.010020 0.000007 0.000023 0.001693
 2 0.1003822E+05   0.8000 1.208 3.620 0.680000 0.300000 0.000041 0.003474 0.000056 0.001030 0.010020 0.000007 0.000023 0.001693
 3 0.2860529E+05   0.8000 1.061 3.625 0.680000 0.300000 0.000041 0.003474 0.000056 0.001030 0.010020 0.000007 0.000023 0.001693
 4 0.6293359E+05   0.8000 0.921 3.629 0.680000 0.300000 0.000044 0.003474 0.000056 0.001030 0.010020 0.000007 0.000023 0.001693
 5 0.1385968E+06   0.8000 0.789 3.634 0.680000 0.300000 0.000054 0.003474 0.000056 0.001030 0.010020 0.000007 0.000023 0.001693
 6 0.2020007E+06   0.8000 0.656 3.635 0.680000 0.300000 0.000054 0.003474 0.000056 0.001030 0.010020 0.000007 0.000023 0.001693
 7 0.3275836E+06   0.8000 0.506 3.637 0.680000 0.300000 0.000054 0.003474 0.000056 0.001030 0.010020 0.000007 0.000023 0.001693
 8 0.5198886E+06   0.8000 0.359 3.638 0.680000 0.300000 0.000054 0.003474 0.000056 0.001030 0.010020 0.000007 0.000023 0.001693
 9 0.8014780E+06   0.8000 0.218 3.635 0.680000 0.300000 0.000054 0.003474 0.000056 0.001030 0.010020 0.000007 0.000023 0.001693
10 0.1191687E+07   0.8000 0.086 3.632 0.680000 0.300000 0.000054 0.003474 0.000056 0.001030 0.010020 0.000007 0.000023 0.001693
11 0.1838614E+07   0.8000 -.051 3.629 0.680000 0.300000 0.000054 0.003474 0.000056 0.001030 0.010020 0.000007 0.000023 0.001693
12 0.2854420E+07   0.8000 -.185 3.627 0.680000 0.300000 0.000054 0.003474 0.000056 0.001030 0.010020 0.000007 0.000023 0.001693
13 0.4273946E+07   0.8000 -.318 3.621 0.680000 0.300000 0.000054 0.003474 0.000056 0.001030 0.010020 0.000007 0.000023 0.001693
14 0.6488695E+07   0.8000 -.452 3.616 0.680000 0.300000 0.000054 0.003474 0.000056 0.001030 0.010020 0.000007 0.000023 0.001693
15 0.9339395E+07   0.8000 -.553 3.613 0.680000 0.300000 0.000054 0.003474 0.000056 0.001030 0.010020 0.000007 0.000023 0.001693
16 0.1219770E+08   0.8000 -.614 3.613 0.680000 0.300000 0.000054 0.003474 0.000056 0.001030 0.010020 0.000007 0.000023 0.001693
17 0.1504962E+08   0.8000 -.652 3.614 0.680000 0.300000 0.000055 0.003474 0.000056 0.001030 0.010020 0.000007 0.000023 0.001693
18 0.1790155E+08   0.8000 -.670 3.618 0.680000 0.300000 0.000056 0.003474 0.000056 0.001030 0.010020 0.000007 0.000023 0.001693
19 0.2075348E+08   0.8000 -.676 3.623 0.680000 0.300000 0.000059 0.003474 0.000056 0.001030 0.010020 0.000007 0.000023 0.001693
20 0.2360541E+08   0.8000 -.673 3.629 0.680000 0.300000 0.000063 0.003474 0.000056 0.001030 0.010020 0.000007 0.000023 0.001693
21 0.2645734E+08   0.8000 -.662 3.635 0.680000 0.300000 0.000070 0.003474 0.000056 0.001030 0.010020 0.000007 0.000023 0.001693
22 0.2930926E+08   0.8000 -.635 3.645 0.680000 0.300000 0.000081 0.003474 0.000056 0.001030 0.010020 0.000007 0.000023 0.001693
23 0.3216119E+08   0.8000 -.599 3.657 0.680000 0.300000 0.000099 0.003474 0.000056 0.001030 0.010020 0.000007 0.000023 0.001693
24 0.3501312E+08   0.8000 -.564 3.668 0.679900 0.300000 0.000125 0.003474 0.000056 0.001030 0.010020 0.000007 0.000023 0.001693
25 0.3786536E+08   0.8000 -.529 3.678 0.679900 0.300000 0.000166 0.003473 0.000056 0.001030 0.010020 0.000007 0.000023 0.001693
26 0.4058800E+08   0.8000 -.488 3.689 0.679800 0.300000 0.000213 0.003472 0.000058 0.001030 0.010020 0.000007 0.000023 0.001693
27 0.4331064E+08   0.8000 -.447 3.700 0.679700 0.300100 0.000219 0.003463 0.000068 0.001031 0.010020 0.000007 0.000023 0.001693
28 0.4603329E+08   0.8000 -.418 3.710 0.679700 0.300100 0.000201 0.003458 0.000073 0.001031 0.010020 0.000007 0.000023 0.001693
29 0.4875593E+08   0.8000 -.417 3.715 0.679700 0.300200 0.000167 0.003441 0.000090 0.001033 0.010020 0.000007 0.000023 0.001693
30 0.5146843E+08   0.8000 -.445 3.715 0.679600 0.300300 0.000131 0.003398 0.000133 0.001038 0.010020 0.000007 0.000023 0.001693
31 0.5417712E+08   0.8000 -.482 3.713 0.679500 0.300400 0.000110 0.003328 0.000197 0.001051 0.010020 0.000007 0.000023 0.001693
32 0.5728256E+08   0.8000 -.519 3.710 0.679400 0.300500 0.000099 0.003220 0.000286 0.001082 0.010020 0.000007 0.000022 0.001693
33 0.6045136E+08   0.8000 -.544 3.708 0.679300 0.300700 0.000094 0.003092 0.000377 0.001134 0.010020 0.000007 0.000022 0.001693
34 0.6393706E+08   0.8000 -.561 3.706 0.679100 0.300800 0.000093 0.002946 0.000462 0.001212 0.010020 0.000007 0.000022 0.001693
35 0.6710586E+08   0.8000 -.569 3.704 0.678900 0.301000 0.000092 0.002817 0.000523 0.001297 0.010020 0.000007 0.000022 0.001693
36 0.6869027E+08   0.8000 -.571 3.704 0.678800 0.301000 0.000091 0.002752 0.000548 0.001345 0.010020 0.000007 0.000022 0.001693
37 0.7027467E+08   0.8000 -.573 3.704 0.678800 0.301100 0.000092 0.002691 0.000570 0.001393 0.010020 0.000007 0.000022 0.001693
38 0.7185908E+08   0.8000 -.573 3.703 0.678700 0.301200 0.000091 0.002628 0.000590 0.001446 0.010020 0.000007 0.000022 0.001693
39 0.7344348E+08   0.8000 -.573 3.703 0.678600 0.301300 0.000091 0.002568 0.000606 0.001498 0.010020 0.000007 0.000022 0.001693
40 0.7502789E+08   0.8000 -.573 3.703 0.678500 0.301300 0.000092 0.002510 0.000620 0.001551 0.010020 0.000007 0.000022 0.001693
41 0.7661229E+08   0.8000 -.573 3.703 0.678400 0.301400 0.000091 0.002451 0.000631 0.001608 0.010020 0.000007 0.000022 0.001693
42 0.7819670E+08   0.8000 -.573 3.703 0.678300 0.301500 0.000091 0.002394 0.000641 0.001665 0.010020 0.000007 0.000022 0.001693
43 0.8104862E+08   0.8000 -.572 3.703 0.678200 0.301600 0.000092 0.002298 0.000651 0.001766 0.010020 0.000007 0.000022 0.001693
44 0.8390055E+08   0.8000 -.571 3.703 0.678000 0.301800 0.000090 0.002201 0.000656 0.001873 0.010020 0.000007 0.000021 0.001693
45 0.8675248E+08   0.8000 -.570 3.703 0.677900 0.301900 0.000091 0.002110 0.000657 0.001978 0.010020 0.000007 0.000021 0.001693
46 0.8960441E+08   0.8000 -.570 3.703 0.677700 0.302000 0.000091 0.002024 0.000655 0.002081 0.010020 0.000007 0.000021 0.001693
47 0.9245633E+08   0.8000 -.569 3.703 0.677600 0.302200 0.000090 0.001937 0.000649 0.002189 0.010020 0.000007 0.000021 0.001693
48 0.9530826E+08   0.8000 -.569 3.703 0.677400 0.302300 0.000090 0.001855 0.000640 0.002294 0.010020 0.000007 0.000021 0.001693
49 0.9816019E+08   0.8000 -.568 3.703 0.677300 0.302400 0.000091 0.001777 0.000629 0.002397 0.010020 0.000007 0.000021 0.001693
50 0.1010121E+09   0.8000 -.568 3.703 0.677100 0.302600 0.000091 0.001703 0.000617 0.002496 0.010020 0.000007 0.000021 0.001693
51 0.1038640E+09   0.8000 -.567 3.703 0.677000 0.302700 0.000091 0.001633 0.000604 0.002592 0.010020 0.000007 0.000021 0.001693


