
 STELLAR MODEL :  0.8 M , Z = 0.001

 NB    AGE     LOGL  LOGTE   R        LGRAV      LNUCL  MCORE LOGTB MENV     H2        Li6       LI7

  1 0.000E+00  1.452 3.672    8.016     28.25      0.06 1.000 5.881 1.000 1.000E+00 1.000E+00 1.000E+00
  2 1.229E+03  1.424 3.672    7.760     26.49      0.05 1.000 5.894 1.000 1.000E+00 1.000E+00 1.000E+00
  3 1.361E+04  1.261 3.677    6.285     17.78      0.44 1.000 5.982 1.000 9.990E-01 1.000E+00 1.000E+00
  4 4.087E+04  1.107 3.682    5.161      6.23      6.55 1.000 6.065 1.000 8.997E-01 1.000E+00 1.000E+00
  5 4.879E+04  1.091 3.682    5.056      4.35      7.99 1.000 6.073 1.000 8.232E-01 1.000E+00 1.000E+00
  6 5.909E+04  1.077 3.683    4.963      3.06      8.89 1.000 6.081 1.000 7.092E-01 1.000E+00 1.000E+00
  7 6.732E+04  1.069 3.683    4.905      2.55      9.16 1.000 6.086 1.000 6.177E-01 1.000E+00 1.000E+00
  8 7.803E+04  1.058 3.683    4.834      2.40      9.02 1.000 6.092 1.000 4.967E-01 1.000E+00 1.000E+00
  9 8.659E+04  1.047 3.684    4.774      2.51      8.64 1.000 6.097 1.000 4.035E-01 1.000E+00 1.000E+00
 10 9.893E+04  1.032 3.684    4.683      3.00      7.78 1.000 6.106 1.000 2.775E-01 1.000E+00 1.000E+00
 11 1.096E+05  1.017 3.685    4.588      3.75      6.66 1.000 6.114 1.000 1.800E-01 1.000E+00 1.000E+00
 12 1.212E+05  0.997 3.686    4.466      4.93      4.99 1.000 6.126 1.000 9.305E-02 1.000E+00 1.000E+00
 13 1.379E+05  0.953 3.686    4.235      7.12      1.85 1.000 6.148 1.000 1.690E-02 1.000E+00 1.000E+00
 14 1.990E+05  0.783 3.686    3.489      6.06      0.01 1.000 6.230 1.000 0.000E+00 1.000E+00 1.000E+00
 15 2.989E+05  0.627 3.686    2.908      4.23      0.01 1.000 6.307 1.000 0.000E+00 1.000E+00 1.000E+00
 16 4.775E+05  0.469 3.688    2.408      2.94      0.00 1.000 6.387 1.000 0.000E+00 1.000E+00 1.000E+00
 17 7.358E+05  0.319 3.686    2.047      2.08      0.00 1.000 6.457 1.000 0.000E+00 9.982E-01 1.000E+00
 18 1.067E+06  0.159 3.674    1.797      1.44      0.00 0.000 6.466 0.943 0.000E+00 9.790E-01 9.998E-01
 19 1.875E+06  0.006 3.675    1.499      1.01      0.01 0.000 6.473 0.798 0.000E+00 8.808E-01 9.986E-01
 20 3.088E+06  -.139 3.672    1.288      0.72      0.01 0.000 6.465 0.623 0.000E+00 7.132E-01 9.962E-01
 21 4.301E+06  -.218 3.672    1.173      0.60      0.00 0.000 6.452 0.499 0.000E+00 6.110E-01 9.945E-01
 22 5.514E+06  -.262 3.675    1.099      0.54      0.00 0.000 6.437 0.401 0.000E+00 5.550E-01 9.935E-01
 23 6.727E+06  -.287 3.680    1.047      0.51      0.00 0.000 6.423 0.328 0.000E+00 5.272E-01 9.929E-01
 24 7.977E+06  -.297 3.685    1.008      0.50      0.00 0.000 6.404 0.261 0.000E+00 5.142E-01 9.926E-01
 25 9.223E+06  -.297 3.692    0.979      0.50      0.00 0.000 6.379 0.203 0.000E+00 5.087E-01 9.925E-01
 26 1.047E+07  -.284 3.700    0.955      0.52      0.00 0.000 6.365 0.164 0.000E+00 5.065E-01 9.925E-01
 27 1.168E+07  -.270 3.708    0.938      0.53      0.00 0.000 6.344 0.128 0.000E+00 5.055E-01 9.924E-01
 28 1.289E+07  -.246 3.717    0.924      0.56      0.01 0.000 6.314 0.095 0.000E+00 5.052E-01 9.924E-01
 29 1.410E+07  -.221 3.727    0.910      0.60      0.01 0.000 6.290 0.072 0.000E+00 5.050E-01 9.924E-01
 30 1.458E+07  -.210 3.730    0.905      0.61      0.01 0.000 6.291 0.067 0.000E+00 5.050E-01 9.924E-01
 31 1.579E+07  -.185 3.740    0.891      0.65      0.01 0.000 6.255 0.047 0.000E+00 5.050E-01 9.924E-01
 32 1.658E+07  -.169 3.746    0.884      0.67      0.01 0.000 6.236 0.038 0.000E+00 5.050E-01 9.924E-01
 33 1.784E+07  -.144 3.756    0.870      0.71      0.01 0.000 6.206 0.027 0.000E+00 5.050E-01 9.924E-01
 34 1.849E+07  -.132 3.760    0.863      0.72      0.02 0.000 6.207 0.024 0.000E+00 5.050E-01 9.924E-01
 35 1.974E+07  -.110 3.769    0.848      0.75      0.03 0.000 6.176 0.016 0.000E+00 5.050E-01 9.924E-01
 36 2.094E+07  -.094 3.778    0.831      0.75      0.05 0.000 6.143 0.011 0.000E+00 5.050E-01 9.924E-01
 37 2.216E+07  -.084 3.785    0.814      0.69      0.13 0.015 6.100 0.007 0.000E+00 5.050E-01 9.924E-01
 38 2.267E+07  -.083 3.788    0.805      0.63      0.19 0.038 6.097 0.006 0.000E+00 5.050E-01 9.924E-01
 39 2.390E+07  -.097 3.792    0.777      0.43      0.37 0.101 6.088 0.005 0.000E+00 5.050E-01 9.924E-01
 40 2.514E+07  -.129 3.793    0.745      0.26      0.48 0.143 6.092 0.005 0.000E+00 5.050E-01 9.924E-01
 41 2.548E+07  -.140 3.793    0.735      0.23      0.49 0.149 0.000 0.000 0.000E+00 5.050E-01 9.924E-01
 42 2.675E+07  -.183 3.792    0.704      0.17      0.48 0.144 6.114 0.005 0.000E+00 5.050E-01 9.924E-01
 43 2.806E+07  -.224 3.789    0.679      0.11      0.48 0.133 6.110 0.005 0.000E+00 5.050E-01 9.924E-01
 44 2.936E+07  -.255 3.787    0.663      0.06      0.49 0.122 6.133 0.005 0.000E+00 5.050E-01 9.924E-01
 45 3.067E+07  -.274 3.785    0.653      0.03      0.50 0.112 6.130 0.005 0.000E+00 5.050E-01 9.924E-01
 46 3.198E+07  -.286 3.784    0.648      0.01      0.51 0.102 6.127 0.005 0.000E+00 5.050E-01 9.924E-01
 47 3.328E+07  -.293 3.783    0.645      0.00      0.51 0.093 6.150 0.006 0.000E+00 5.050E-01 9.924E-01
 48 3.461E+07  -.298 3.783    0.644     -0.01      0.52 0.083 6.148 0.006 0.000E+00 5.050E-01 9.924E-01
 49 3.597E+07  -.300 3.782    0.643     -0.02      0.52 0.076 6.146 0.006 0.000E+00 5.050E-01 9.924E-01
 50 3.671E+07  -.300 3.782    0.643     -0.02      0.52 0.075 6.145 0.006 0.000E+00 5.050E-01 9.924E-01


 STELLAR MODEL :  1.0 M , Z = 0.001

 NB    AGE     LOGL  LOGTE   R        LGRAV      LNUCL  MCORE LOGTB MENV     H2        Li6       LI7

  1 0.000E+00  1.752 3.672   11.339     56.39      0.11 1.000 5.829 1.000 1.000E+00 1.000E+00 1.000E+00
  2 6.006E+02  1.726 3.672   11.005     53.13      0.08 1.000 5.840 1.000 1.000E+00 1.000E+00 1.000E+00
  3 5.641E+03  1.604 3.678    9.302     40.10      0.08 1.000 5.911 1.000 1.000E+00 1.000E+00 1.000E+00
  4 1.376E+04  1.474 3.683    7.827     29.42      0.36 1.000 5.982 1.000 9.995E-01 1.000E+00 1.000E+00
  5 2.782E+04  1.345 3.687    6.623     18.18      3.96 1.000 6.054 1.000 9.778E-01 1.000E+00 1.000E+00
  6 4.018E+04  1.288 3.689    6.146      9.63      9.77 1.000 6.084 1.000 8.857E-01 1.000E+00 1.000E+00
  7 4.698E+04  1.271 3.689    6.027      6.79     11.87 1.000 6.093 1.000 8.027E-01 1.000E+00 1.000E+00
  8 5.583E+04  1.256 3.689    5.924      4.90     13.13 1.000 6.101 1.000 6.795E-01 1.000E+00 1.000E+00
  9 6.291E+04  1.246 3.690    5.829      4.19     13.43 1.000 6.107 1.000 5.810E-01 1.000E+00 1.000E+00
 10 6.857E+04  1.238 3.690    5.775      4.01     13.29 1.000 6.111 1.000 5.035E-01 1.000E+00 1.000E+00
 11 7.899E+04  1.224 3.691    5.657      4.32     12.43 1.000 6.119 1.000 3.650E-01 1.000E+00 1.000E+00
 12 8.370E+04  1.219 3.691    5.625      4.71     11.85 1.000 6.123 1.000 3.055E-01 1.000E+00 1.000E+00
 13 9.133E+04  1.205 3.691    5.535      5.51     10.52 1.000 6.130 1.000 2.159E-01 1.000E+00 1.000E+00
 14 9.873E+04  1.191 3.692    5.421      6.68      8.85 1.000 6.138 1.000 1.402E-01 1.000E+00 1.000E+00
 15 1.085E+05  1.168 3.693    5.255      8.78      5.95 1.000 6.151 1.000 6.212E-02 1.000E+00 1.000E+00
 16 1.505E+05  1.035 3.697    4.427     10.82      0.02 1.000 6.224 1.000 0.000E+00 1.000E+00 1.000E+00
 17 2.033E+05  0.910 3.698    3.816      8.11      0.02 1.000 6.287 1.000 0.000E+00 1.000E+00 1.000E+00
 18 2.914E+05  0.773 3.698    3.259      5.92      0.01 1.000 6.353 1.000 0.000E+00 1.000E+00 1.000E+00
 19 4.330E+05  0.643 3.699    2.793      4.39      0.01 1.000 6.420 1.000 0.000E+00 1.000E+00 1.000E+00
 20 6.597E+05  0.503 3.699    2.377      3.17      0.01 0.000 6.442 0.943 0.000E+00 9.977E-01 1.000E+00
 21 1.008E+06  0.376 3.700    2.044      2.36      0.01 0.000 6.447 0.823 0.000E+00 9.905E-01 9.999E-01
 22 1.530E+06  0.255 3.701    1.770      1.79      0.01 0.000 6.446 0.673 0.000E+00 9.738E-01 9.997E-01
 23 2.343E+06  0.138 3.700    1.554      1.36      0.01 0.000 6.426 0.494 0.000E+00 9.540E-01 9.995E-01
 24 3.165E+06  0.085 3.704    1.436      1.21      0.01 0.000 6.408 0.374 0.000E+00 9.447E-01 9.994E-01
 25 3.979E+06  0.066 3.710    1.366      1.16      0.01 0.000 6.383 0.279 0.000E+00 9.412E-01 9.993E-01
 26 4.796E+06  0.067 3.718    1.319      1.16      0.01 0.000 6.353 0.203 0.000E+00 9.400E-01 9.993E-01
 27 5.604E+06  0.081 3.727    1.286      1.20      0.01 0.000 6.328 0.149 0.000E+00 9.397E-01 9.993E-01
 28 6.415E+06  0.110 3.737    1.269      1.28      0.01 0.000 6.289 0.101 0.000E+00 9.397E-01 9.993E-01
 29 7.245E+06  0.148 3.748    1.261      1.40      0.01 0.000 6.254 0.067 0.000E+00 9.397E-01 9.993E-01
 30 7.821E+06  0.180 3.756    1.261      1.50      0.01 0.000 6.221 0.047 0.000E+00 9.397E-01 9.993E-01
 31 8.637E+06  0.224 3.768    1.255      1.67      0.01 0.000 6.165 0.027 0.000E+00 9.397E-01 9.993E-01
 32 8.722E+06  0.229 3.769    1.256      1.69      0.01 0.000 6.145 0.024 0.000E+00 9.397E-01 9.993E-01
 33 9.545E+06  0.271 3.781    1.248      1.86      0.01 0.000 6.083 0.012 0.000E+00 9.397E-01 9.993E-01
 34 9.633E+06  0.275 3.782    1.248      1.88      0.01 0.000 6.068 0.011 0.000E+00 9.397E-01 9.993E-01
 35 1.044E+07  0.310 3.793    1.235      2.03      0.01 0.000 5.998 0.005 0.000E+00 9.397E-01 9.993E-01
 36 1.052E+07  0.313 3.794    1.233      2.04      0.02 0.000 0.000 0.000 0.000E+00 9.397E-01 9.993E-01
 37 1.134E+07  0.338 3.806    1.201      2.14      0.04 0.000 0.000 0.000 0.000E+00 9.397E-01 9.993E-01
 38 1.216E+07  0.355 3.817    1.164      2.14      0.12 0.000 0.000 0.000 0.000E+00 9.397E-01 9.993E-01
 39 1.239E+07  0.359 3.821    1.148      2.10      0.18 0.000 0.000 0.000 0.000E+00 9.397E-01 9.993E-01
 40 1.320E+07  0.360 3.832    1.093      1.81      0.48 0.000 0.000 0.000 0.000E+00 9.397E-01 9.993E-01
 41 1.349E+07  0.357 3.835    1.074      1.67      0.61 0.000 0.000 0.000 0.000E+00 9.397E-01 9.993E-01
 42 1.430E+07  0.335 3.843    1.009      1.25      0.91 0.000 0.000 0.000 0.000E+00 9.397E-01 9.993E-01
 43 1.512E+07  0.299 3.847    0.951      0.83      1.16 0.027 0.000 0.000 0.000E+00 9.397E-01 9.993E-01
 44 1.596E+07  0.257 3.847    0.906      0.47      1.34 0.053 0.000 0.000 0.000E+00 9.397E-01 9.993E-01
 45 1.685E+07  0.217 3.846    0.869      0.22      1.43 0.073 0.000 0.000 0.000E+00 9.397E-01 9.993E-01
 46 1.769E+07  0.188 3.844    0.848      0.08      1.46 0.080 0.000 0.000 0.000E+00 9.397E-01 9.993E-01
 47 1.855E+07  0.170 3.843    0.835      0.02      1.46 0.080 0.000 0.000 0.000E+00 9.397E-01 9.993E-01
 48 1.951E+07  0.160 3.842    0.829      0.00      1.44 0.077 0.000 0.000 0.000E+00 9.397E-01 9.993E-01
 49 2.062E+07  0.158 3.841    0.831      0.01      1.43 0.075 0.000 0.000 0.000E+00 9.397E-01 9.993E-01
 50 2.105E+07  0.158 3.841    0.831      0.01      1.43 0.075 0.000 0.000 0.000E+00 9.397E-01 9.993E-01


 STELLAR MODEL :  1.5 M , Z = 0.001

 NB    AGE     LOGL  LOGTE   R        LGRAV      LNUCL  MCORE LOGTB MENV     H2        Li6       LI7

  1 0.000E+00  2.102 3.677   16.580    126.11      0.37 1.000 5.835 1.000 1.000E+00 1.000E+00 1.000E+00
  2 1.229E+03  2.047 3.679   15.420    111.35      0.08 1.000 5.867 1.000 1.000E+00 1.000E+00 1.000E+00
  3 4.306E+03  1.946 3.684   13.415     88.24      0.07 1.000 5.926 1.000 1.000E+00 1.000E+00 1.000E+00
  4 8.896E+03  1.844 3.689   11.657     69.42      0.41 1.000 5.986 1.000 9.997E-01 1.000E+00 1.000E+00
  5 1.651E+04  1.731 3.695    9.956     51.24      2.59 1.000 6.052 1.000 9.947E-01 1.000E+00 1.000E+00
  6 2.841E+04  1.628 3.699    8.681     27.42     15.04 1.000 6.108 1.000 9.225E-01 1.000E+00 1.000E+00
  7 3.851E+04  1.593 3.701    8.262     14.92     24.26 1.000 6.129 1.000 7.550E-01 1.000E+00 1.000E+00
  8 4.593E+04  1.576 3.701    8.102     11.38     26.29 1.000 6.139 1.000 6.015E-01 1.000E+00 1.000E+00
  9 5.186E+04  1.564 3.702    7.954     10.34     26.30 1.000 6.146 1.000 4.830E-01 1.000E+00 1.000E+00
 10 5.661E+04  1.554 3.702    7.863     10.44     25.37 1.000 6.152 1.000 3.917E-01 1.000E+00 1.000E+00
 11 6.345E+04  1.539 3.703    7.693     11.76     22.83 1.000 6.160 1.000 2.697E-01 1.000E+00 1.000E+00
 12 6.783E+04  1.529 3.703    7.605     13.32     20.48 1.000 6.166 1.000 1.999E-01 1.000E+00 1.000E+00
 13 7.519E+04  1.508 3.704    7.389     16.96     15.25 1.000 6.178 1.000 1.016E-01 1.000E+00 1.000E+00
 14 8.490E+04  1.470 3.705    7.040     23.08      6.44 1.000 6.198 1.000 2.281E-02 1.000E+00 1.000E+00
 15 1.134E+05  1.356 3.710    6.034     22.69      0.01 1.000 6.263 1.000 0.000E+00 1.000E+00 1.000E+00
 16 1.541E+05  1.240 3.713    5.207     17.35      0.02 1.000 6.326 1.000 0.000E+00 1.000E+00 1.000E+00
 17 2.173E+05  1.130 3.718    4.483     13.46      0.03 0.000 6.363 0.973 0.000E+00 1.000E+00 1.000E+00
 18 3.011E+05  1.022 3.720    3.923     10.48      0.03 0.000 6.372 0.888 0.000E+00 1.000E+00 1.000E+00
 19 4.125E+05  0.921 3.721    3.476      8.29      0.05 0.000 6.374 0.778 0.000E+00 1.000E+00 1.000E+00
 20 5.936E+05  0.821 3.724    3.056      6.57      0.05 0.000 6.372 0.640 0.000E+00 1.000E+00 1.000E+00
 21 8.818E+05  0.719 3.726    2.692      5.20      0.04 0.000 6.358 0.476 0.000E+00 9.997E-01 1.000E+00
 22 1.283E+06  0.662 3.733    2.441      4.56      0.03 0.000 6.327 0.310 0.000E+00 9.997E-01 1.000E+00
 23 1.685E+06  0.659 3.742    2.334      4.54      0.02 0.000 6.277 0.187 0.000E+00 9.997E-01 1.000E+00
 24 2.085E+06  0.706 3.754    2.331      5.03      0.05 0.000 6.201 0.095 0.000E+00 9.997E-01 1.000E+00
 25 2.490E+06  0.795 3.767    2.433      6.19      0.05 0.000 6.055 0.030 0.000E+00 9.997E-01 1.000E+00
 26 2.863E+06  0.897 3.783    2.541      7.88      0.01 0.000 5.881 0.007 0.000E+00 9.997E-01 1.000E+00
 27 3.263E+06  0.965 3.801    2.530      9.23     -0.01 0.000 0.000 0.000 0.000E+00 9.997E-01 1.000E+00
 28 3.573E+06  1.007 3.820    2.433     10.16      0.01 0.000 0.000 0.000 0.000E+00 9.997E-01 1.000E+00
 29 3.821E+06  1.034 3.840    2.289     10.81      0.00 0.000 0.000 0.000 0.000E+00 9.997E-01 1.000E+00
 30 4.069E+06  1.057 3.865    2.095     11.40      0.00 0.000 0.000 0.000 0.000E+00 9.997E-01 1.000E+00
 31 4.340E+06  1.079 3.893    1.888     11.92      0.08 0.000 0.000 0.000 0.000E+00 9.997E-01 1.000E+00
 32 4.641E+06  1.097 3.921    1.695     12.14      0.36 0.000 0.000 0.000 0.000E+00 9.997E-01 1.000E+00
 33 4.950E+06  1.107 3.947    1.521     11.55      1.25 0.000 0.000 0.000 0.000E+00 9.997E-01 1.000E+00
 34 5.324E+06  1.103 3.971    1.355      9.99      2.68 0.000 0.000 0.000 0.000E+00 9.997E-01 1.000E+00
 35 5.730E+06  1.078 3.988    1.218      7.00      4.97 0.037 0.000 0.000 0.000E+00 9.997E-01 1.000E+00
 36 5.849E+06  1.068 3.992    1.182      6.30      5.40 0.041 0.000 0.000 0.000E+00 9.997E-01 1.000E+00
 37 6.254E+06  1.032 3.999    1.098      4.29      6.48 0.011 0.000 0.000 0.000E+00 9.997E-01 1.000E+00
 38 6.669E+06  0.998 4.001    1.046      2.61      7.34 0.028 0.000 0.000 0.000E+00 9.997E-01 1.000E+00
 39 7.086E+06  0.974 4.002    1.013      1.49      7.93 0.059 0.000 0.000 0.000E+00 9.997E-01 1.000E+00
 40 7.524E+06  0.957 4.002    0.993      0.76      8.29 0.081 0.000 0.000 0.000E+00 9.997E-01 1.000E+00
 41 7.937E+06  0.945 4.001    0.984      0.36      8.45 0.092 0.000 0.000 0.000E+00 9.997E-01 1.000E+00
 42 8.398E+06  0.936 4.001    0.974      0.14      8.49 0.100 0.000 0.000 0.000E+00 9.997E-01 1.000E+00
 43 8.877E+06  0.932 4.000    0.974      0.05      8.50 0.104 0.000 0.000 0.000E+00 9.997E-01 1.000E+00
 44 9.355E+06  0.930 4.000    0.972      0.02      8.49 0.108 0.000 0.000 0.000E+00 9.997E-01 1.000E+00
 45 9.921E+06  0.929 4.000    0.971      0.01      8.48 0.109 0.000 0.000 0.000E+00 9.997E-01 1.000E+00
 46 1.036E+07  0.929 4.000    0.971      0.01      8.48 0.109 0.000 0.000 0.000E+00 9.997E-01 1.000E+00
 47 1.085E+07  0.929 4.000    0.971      0.00      8.49 0.113 0.000 0.000 0.000E+00 9.997E-01 1.000E+00
 48 1.114E+07  0.929 4.000    0.971      0.00      8.49 0.113 0.000 0.000 0.000E+00 9.997E-01 1.000E+00
 49 1.139E+07  0.929 4.000    0.971      0.00      8.49 0.113 0.000 0.000 0.000E+00 9.997E-01 1.000E+00
 50 1.160E+07  0.929 4.000    0.971      0.00      8.49 0.113 0.000 0.000 0.000E+00 9.997E-01 1.000E+00


 STELLAR MODEL :  2.0 M , Z = 0.001

 NB    AGE     LOGL  LOGTE   R        LGRAV      LNUCL  MCORE LOGTB MENV     H2        Li6       LI7

  1 0.000E+00  2.437 3.673   24.836    273.15      0.39 1.000 5.786 1.000 1.000E+00 1.000E+00 1.000E+00
  2 1.229E+03  2.345 3.678   21.832    221.01      0.30 1.000 5.839 1.000 1.000E+00 1.000E+00 1.000E+00
  3 3.269E+03  2.240 3.683   18.906    173.61      0.18 1.000 5.900 1.000 1.000E+00 1.000E+00 1.000E+00
  4 6.266E+03  2.137 3.689   16.334    136.89      0.20 1.000 5.962 1.000 1.000E+00 1.000E+00 1.000E+00
  5 1.087E+04  2.031 3.695   14.063    106.44      0.96 1.000 6.026 1.000 9.995E-01 1.000E+00 1.000E+00
  6 1.744E+04  1.931 3.701   12.192     79.33      5.98 1.000 6.086 1.000 9.902E-01 1.000E+00 1.000E+00
  7 2.662E+04  1.846 3.704   10.904     44.60     25.54 1.000 6.134 1.000 9.072E-01 1.000E+00 1.000E+00
  8 3.498E+04  1.811 3.706   10.377     25.35     39.37 1.000 6.155 1.000 7.305E-01 1.000E+00 1.000E+00
  9 4.113E+04  1.794 3.707   10.129     20.08     42.15 1.000 6.165 1.000 5.720E-01 1.000E+00 1.000E+00
 10 4.604E+04  1.782 3.708    9.945     18.76     41.78 1.000 6.172 1.000 4.500E-01 1.000E+00 1.000E+00
 11 4.997E+04  1.771 3.708    9.819     19.18     39.84 1.000 6.178 1.000 3.572E-01 1.000E+00 1.000E+00
 12 5.528E+04  1.757 3.709    9.618     21.65     35.50 1.000 6.186 1.000 2.430E-01 1.000E+00 1.000E+00
 13 5.989E+04  1.741 3.709    9.442     25.25     29.83 1.000 6.195 1.000 1.579E-01 1.000E+00 1.000E+00
 14 6.503E+04  1.721 3.710    9.185     30.85     21.75 1.000 6.206 1.000 8.217E-02 1.000E+00 1.000E+00
 15 7.572E+04  1.668 3.711    8.602     42.41      4.15 1.000 6.235 1.000 6.530E-03 1.000E+00 1.000E+00
 16 1.002E+05  1.564 3.717    7.423     36.56      0.08 0.000 6.288 0.994 0.000E+00 1.000E+00 1.000E+00
 17 1.361E+05  1.453 3.721    6.413     28.27      0.11 0.000 6.297 0.914 0.000E+00 1.000E+00 1.000E+00
 18 1.950E+05  1.335 3.725    5.496     21.54      0.09 0.000 6.303 0.785 0.000E+00 1.000E+00 1.000E+00
 19 2.900E+05  1.222 3.729    4.738     16.55      0.12 0.000 6.306 0.636 0.000E+00 1.000E+00 1.000E+00
 20 4.593E+05  1.113 3.736    4.047     12.89      0.08 0.000 6.289 0.439 0.000E+00 1.000E+00 1.000E+00
 21 6.179E+05  1.065 3.741    3.742     11.53      0.09 0.000 6.259 0.301 0.000E+00 1.000E+00 1.000E+00
 22 7.690E+05  1.054 3.746    3.611     11.27      0.06 0.000 6.218 0.199 0.000E+00 1.000E+00 1.000E+00
 23 9.213E+05  1.080 3.754    3.586     11.91      0.12 0.000 6.138 0.108 0.000E+00 1.000E+00 1.000E+00
 24 1.072E+06  1.145 3.761    3.742     13.81      0.15 0.000 6.015 0.043 0.000E+00 1.000E+00 1.000E+00
 25 1.215E+06  1.246 3.771    4.014     17.55      0.07 0.000 5.838 0.010 0.000E+00 1.000E+00 1.000E+00
 26 1.367E+06  1.326 3.786    4.108     21.17      0.01 0.000 0.000 0.000 0.000E+00 1.000E+00 1.000E+00
 27 1.519E+06  1.386 3.804    4.051     24.32      0.01 0.000 0.000 0.000 0.000E+00 1.000E+00 1.000E+00
 28 1.669E+06  1.437 3.833    3.759     27.36      0.00 0.000 0.000 0.000 0.000E+00 1.000E+00 1.000E+00
 29 1.807E+06  1.478 3.868    3.354     30.07     -0.01 0.000 0.000 0.000 0.000E+00 1.000E+00 1.000E+00
 30 1.945E+06  1.513 3.902    2.986     32.62     -0.03 0.000 0.000 0.000 0.000E+00 1.000E+00 1.000E+00
 31 2.092E+06  1.544 3.937    2.634     35.04     -0.04 0.000 0.000 0.000 0.000E+00 1.000E+00 1.000E+00
 32 2.245E+06  1.570 3.971    2.321     37.03      0.12 0.000 0.000 0.000 0.000E+00 1.000E+00 1.000E+00
 33 2.291E+06  1.576 3.981    2.231     37.48      0.19 0.000 0.000 0.000 0.000E+00 1.000E+00 1.000E+00
 34 2.434E+06  1.591 4.009    1.996     37.97      1.03 0.000 0.000 0.000 0.000E+00 1.000E+00 1.000E+00
 35 2.580E+06  1.598 4.034    1.793     36.57      3.06 0.000 0.000 0.000 0.000E+00 1.000E+00 1.000E+00
 36 2.734E+06  1.597 4.057    1.611     33.73      5.81 0.000 0.000 0.000 0.000E+00 1.000E+00 1.000E+00
 37 2.763E+06  1.596 4.060    1.587     32.81      6.64 0.000 0.000 0.000 0.000E+00 1.000E+00 1.000E+00
 38 2.914E+06  1.582 4.076    1.451     27.21     10.99 0.000 0.000 0.000 0.000E+00 1.000E+00 1.000E+00
 39 3.070E+06  1.563 4.087    1.349     22.71     13.85 0.000 0.000 0.000 0.000E+00 1.000E+00 1.000E+00
 40 3.234E+06  1.543 4.096    1.265     18.15     16.76 0.005 0.000 0.000 0.000E+00 1.000E+00 1.000E+00
 41 3.394E+06  1.523 4.101    1.208     13.16     20.18 0.047 0.000 0.000 0.000E+00 1.000E+00 1.000E+00
 42 3.545E+06  1.504 4.104    1.166      8.36     23.55 0.092 0.000 0.000 0.000E+00 1.000E+00 1.000E+00
 43 3.705E+06  1.483 4.104    1.138      4.20     26.21 0.129 0.000 0.000 0.000E+00 1.000E+00 1.000E+00
 44 3.876E+06  1.458 4.103    1.111      1.36     27.35 0.152 0.000 0.000 0.000E+00 1.000E+00 1.000E+00
 45 4.041E+06  1.438 4.100    1.100     -0.07     27.48 0.166 0.000 0.000 0.000E+00 1.000E+00 1.000E+00
 46 4.214E+06  1.424 4.098    1.093     -0.53     27.08 0.170 0.000 0.000 0.000E+00 1.000E+00 1.000E+00
 47 4.381E+06  1.418 4.097    1.090     -0.47     26.66 0.170 0.000 0.000 0.000E+00 1.000E+00 1.000E+00
 48 4.585E+06  1.416 4.097    1.088     -0.31     26.37 0.170 0.000 0.000 0.000E+00 1.000E+00 1.000E+00
 49 4.641E+06  1.415 4.096    1.092     -0.26     26.27 0.170 0.000 0.000 0.000E+00 1.000E+00 1.000E+00
 50 4.714E+06  1.415 4.096    1.092     -0.21     26.21 0.170 0.000 0.000 0.000E+00 1.000E+00 1.000E+00


 STELLAR MODEL :  3.0 M , Z = 0.001

 NB    AGE     LOGL  LOGTE   R        LGRAV      LNUCL  MCORE LOGTB MENV     H2        Li6       LI7

  1 0.000E+00  2.775 3.672   36.821    594.74      0.95 1.000 5.786 1.000 1.000E+00 1.000E+00 1.000E+00
  2 9.549E+02  2.678 3.678   32.032    476.33      0.12 1.000 5.844 1.000 1.000E+00 1.000E+00 1.000E+00
  3 2.495E+03  2.572 3.684   27.580    372.86      0.41 1.000 5.910 1.000 1.000E+00 1.000E+00 1.000E+00
  4 4.687E+03  2.467 3.690   23.773    292.69      0.41 1.000 5.972 1.000 1.000E+00 1.000E+00 1.000E+00
  5 7.911E+03  2.362 3.696   20.492    229.02      1.14 1.000 6.035 1.000 9.997E-01 1.000E+00 1.000E+00
  6 1.240E+04  2.262 3.701   17.848    177.49      5.33 1.000 6.094 1.000 9.960E-01 1.000E+00 1.000E+00
  7 2.037E+04  2.162 3.708   15.402    108.47     36.74 1.000 6.157 1.000 9.343E-01 1.000E+00 1.000E+00
  8 2.505E+04  2.127 3.709   14.726     72.35     61.62 1.000 6.177 1.000 8.355E-01 1.000E+00 1.000E+00
  9 2.849E+04  2.110 3.710   14.374     55.45     73.38 1.000 6.186 1.000 7.345E-01 1.000E+00 1.000E+00
 10 3.297E+04  2.094 3.712   13.983     44.53     79.63 1.000 6.196 1.000 5.860E-01 1.000E+00 1.000E+00
 11 3.565E+04  2.085 3.712   13.838     41.15     80.47 1.000 6.202 1.000 5.010E-01 1.000E+00 1.000E+00
 12 3.951E+04  2.073 3.713   13.586     40.59     77.72 1.000 6.210 1.000 3.825E-01 1.000E+00 1.000E+00
 13 4.273E+04  2.062 3.714   13.353     43.41     71.94 1.000 6.216 1.000 2.900E-01 1.000E+00 1.000E+00
 14 4.607E+04  2.049 3.714   13.155     49.01     62.93 1.000 6.224 1.000 2.025E-01 1.000E+00 1.000E+00
 15 5.044E+04  2.030 3.715   12.811     59.68     47.47 1.000 6.235 1.000 1.090E-01 1.000E+00 1.000E+00
 16 5.594E+04  2.002 3.717   12.291     76.36     24.10 1.000 6.252 1.000 3.305E-02 1.000E+00 1.000E+00
 17 7.284E+04  1.901 3.720   10.792     78.56      1.06 0.000 6.162 0.728 3.940E-03 1.000E+00 1.000E+00
 18 9.966E+04  1.801 3.726    9.356     62.79      0.45 0.000 6.160 0.580 5.405E-04 1.000E+00 1.000E+00
 19 1.471E+05  1.700 3.733    8.065     49.77      0.35 0.000 6.147 0.406 0.000E+00 1.000E+00 1.000E+00
 20 2.204E+05  1.635 3.741    7.212     42.84      0.32 0.000 6.088 0.215 0.000E+00 1.000E+00 1.000E+00
 21 2.953E+05  1.654 3.748    7.138     44.61      0.47 0.000 5.948 0.072 0.000E+00 1.000E+00 1.000E+00
 22 3.535E+05  1.755 3.758    7.657     56.60      0.29 0.000 5.758 0.015 0.000E+00 1.000E+00 1.000E+00
 23 4.191E+05  1.855 3.774    7.982     71.56      0.05 0.000 0.000 0.000 0.000E+00 1.000E+00 1.000E+00
 24 4.911E+05  1.940 3.805    7.631     87.12     -0.02 0.000 0.000 0.000 0.000E+00 1.000E+00 1.000E+00
 25 5.387E+05  1.991 3.840    6.888     98.04     -0.09 0.000 0.000 0.000 0.000E+00 1.000E+00 1.000E+00
 26 5.827E+05  2.034 3.874    6.188    108.22     -0.08 0.000 0.000 0.000 0.000E+00 1.000E+00 1.000E+00
 27 6.292E+05  2.075 3.909    5.522    118.92     -0.07 0.000 0.000 0.000 0.000E+00 1.000E+00 1.000E+00
 28 6.762E+05  2.111 3.943    4.921    129.38     -0.25 0.000 0.000 0.000 0.000E+00 1.000E+00 1.000E+00
 29 7.253E+05  2.145 3.978    4.356    139.64      0.00 0.000 0.000 0.000 0.000E+00 1.000E+00 1.000E+00
 30 7.790E+05  2.175 4.013    3.838    149.66     -0.03 0.000 0.000 0.000 0.000E+00 1.000E+00 1.000E+00
 31 8.352E+05  2.200 4.048    3.362    158.49      0.01 0.000 0.000 0.000 0.000E+00 1.000E+00 1.000E+00
 32 8.650E+05  2.211 4.065    3.148    162.53      0.03 0.000 0.000 0.000 0.000E+00 1.000E+00 1.000E+00
 33 9.101E+05  2.225 4.090    2.852    167.14      0.75 0.000 0.000 0.000 0.000E+00 1.000E+00 1.000E+00
 34 9.608E+05  2.236 4.116    2.562    168.50      3.69 0.000 0.000 0.000 0.000E+00 1.000E+00 1.000E+00
 35 1.022E+06  2.244 4.143    2.283    164.64     10.75 0.000 0.000 0.000 0.000E+00 1.000E+00 1.000E+00
 36 1.089E+06  2.244 4.168    2.035    151.66     23.73 0.000 0.000 0.000 0.000E+00 1.000E+00 1.000E+00
 37 1.159E+06  2.234 4.188    1.835    131.80     39.60 0.000 0.000 0.000 0.000E+00 1.000E+00 1.000E+00
 38 1.166E+06  2.233 4.190    1.816    130.31     40.70 0.000 0.000 0.000 0.000E+00 1.000E+00 1.000E+00
 39 1.240E+06  2.218 4.206    1.658    113.35     51.85 0.000 0.000 0.000 0.000E+00 1.000E+00 1.000E+00
 40 1.311E+06  2.202 4.217    1.547     84.02     75.20 0.058 0.000 0.000 0.000E+00 1.000E+00 1.000E+00
 41 1.382E+06  2.178 4.222    1.471     38.65    112.02 0.145 0.000 0.000 0.000E+00 1.000E+00 1.000E+00
 42 1.454E+06  2.138 4.220    1.418      4.87    132.54 0.209 0.000 0.000 0.000E+00 1.000E+00 1.000E+00
 43 1.525E+06  2.097 4.215    1.384     -5.95    130.98 0.231 0.000 0.000 0.000E+00 1.000E+00 1.000E+00
 44 1.614E+06  2.066 4.210    1.366     -6.79    123.21 0.233 0.000 0.000 0.000E+00 1.000E+00 1.000E+00
 45 1.673E+06  2.059 4.208    1.368     -5.00    119.55 0.231 0.000 0.000 0.000E+00 1.000E+00 1.000E+00
 46 1.701E+06  2.058 4.208    1.366     -4.20    118.49 0.230 0.000 0.000 0.000E+00 1.000E+00 1.000E+00
 47 1.725E+06  2.058 4.207    1.373     -3.59    117.88 0.229 0.000 0.000 0.000E+00 1.000E+00 1.000E+00
 48 1.755E+06  2.058 4.207    1.373     -2.93    117.22 0.229 0.000 0.000 0.000E+00 1.000E+00 1.000E+00
 49 1.782E+06  2.058 4.207    1.373     -2.47    116.76 0.228 0.000 0.000 0.000E+00 1.000E+00 1.000E+00
 50 1.814E+06  2.059 4.207    1.374     -2.06    116.61 0.228 0.000 0.000 0.000E+00 1.000E+00 1.000E+00


 STELLAR MODEL :  5.0 M , Z = 0.001

 NB    AGE     LOGL  LOGTE   R        LGRAV      LNUCL  MCORE LOGTB MENV     H2        Li6       LI7

  1 0.000E+00  3.305 3.662   70.973   2016.49      1.97 1.000 5.712 1.000 1.000E+00 1.000E+00 1.000E+00
  2 5.344E+02  3.197 3.671   60.130   1571.28      2.77 1.000 5.787 1.000 1.000E+00 1.000E+00 1.000E+00
  3 1.160E+03  3.094 3.677   51.951   1240.01      1.70 1.000 5.847 1.000 1.000E+00 1.000E+00 1.000E+00
  4 2.344E+03  2.977 3.685   43.761    947.48      0.99 1.000 5.923 1.000 1.000E+00 1.000E+00 1.000E+00
  5 3.845E+03  2.873 3.691   37.765    743.81      2.67 0.000 5.929 0.922 1.000E+00 1.000E+00 1.000E+00
  6 5.986E+03  2.769 3.697   32.590    584.41      3.10 0.000 5.938 0.811 1.000E+00 1.000E+00 1.000E+00
  7 9.277E+03  2.667 3.702   28.320    457.39      7.14 0.000 5.940 0.673 1.000E+00 1.000E+00 1.000E+00
  8 1.190E+04  2.610 3.705   26.157    391.33     16.07 0.000 5.942 0.598 9.997E-01 1.000E+00 1.000E+00
  9 1.394E+04  2.576 3.707   24.922    348.62     28.10 0.000 5.942 0.549 9.997E-01 1.000E+00 1.000E+00
 10 1.486E+04  2.563 3.708   24.439    330.94     34.67 0.000 5.942 0.531 9.997E-01 1.000E+00 1.000E+00
 11 1.619E+04  2.547 3.710   23.773    306.66     45.72 0.000 5.941 0.503 9.997E-01 1.000E+00 1.000E+00
 12 1.710E+04  2.536 3.711   23.366    290.92     52.65 0.000 5.939 0.485 9.997E-01 1.000E+00 1.000E+00
 13 1.820E+04  2.524 3.712   22.940    273.96     60.25 0.000 5.938 0.466 9.997E-01 1.000E+00 1.000E+00
 14 1.971E+04  2.510 3.713   22.469    255.14     68.46 0.000 5.936 0.443 9.997E-01 1.000E+00 1.000E+00
 15 5.976E+04  2.500 3.731   20.445    278.25     37.98 0.000 5.641 0.031 9.995E-01 1.000E+00 1.000E+00
 16 7.441E+04  2.600 3.746   21.409    365.55     32.57 0.000 5.468 0.005 9.995E-01 1.000E+00 1.000E+00
 17 9.352E+04  2.642 3.781   19.124    417.89     20.65 0.000 0.000 0.000 9.995E-01 1.000E+00 1.000E+00
 18 1.055E+05  2.667 3.816   16.753    449.26     15.27 0.000 0.000 0.000 9.995E-01 1.000E+00 1.000E+00
 19 1.172E+05  2.698 3.850   14.845    487.53     11.37 0.000 0.000 0.000 9.995E-01 1.000E+00 1.000E+00
 20 1.290E+05  2.734 3.885   13.170    534.11      7.92 0.000 0.000 0.000 9.995E-01 1.000E+00 1.000E+00
 21 1.409E+05  2.772 3.919   11.765    585.23      6.36 0.000 0.000 0.000 9.995E-01 1.000E+00 1.000E+00
 22 1.533E+05  2.808 3.954   10.437    639.03      3.68 0.000 0.000 0.000 9.995E-01 1.000E+00 1.000E+00
 23 1.662E+05  2.843 3.989    9.249    693.96      2.70 0.000 0.000 0.000 9.995E-01 1.000E+00 1.000E+00
 24 1.798E+05  2.874 4.024    8.158    746.21      1.99 0.000 0.000 0.000 9.995E-01 1.000E+00 1.000E+00
 25 1.943E+05  2.901 4.059    7.163    795.41      0.78 0.000 0.000 0.000 9.995E-01 1.000E+00 1.000E+00
 26 2.098E+05  2.926 4.094    6.275    842.49      0.88 0.000 0.000 0.000 9.995E-01 1.000E+00 1.000E+00
 27 2.270E+05  2.946 4.129    5.465    882.14      0.97 0.000 0.000 0.000 9.995E-01 1.000E+00 1.000E+00
 28 2.454E+05  2.963 4.163    4.765    918.63     -0.26 0.000 0.000 0.000 9.995E-01 1.000E+00 1.000E+00
 29 2.564E+05  2.971 4.182    4.406    936.51     -1.06 0.000 0.000 0.000 9.995E-01 1.000E+00 1.000E+00
 30 2.646E+05  2.977 4.195    4.179    948.68     -0.22 0.000 0.000 0.000 9.995E-01 1.000E+00 1.000E+00
 31 2.753E+05  2.984 4.212    3.896    961.18      2.69 0.000 0.000 0.000 9.995E-01 1.000E+00 1.000E+00
 32 2.935E+05  2.993 4.238    3.492    964.22     19.83 0.000 0.000 0.000 9.995E-01 1.000E+00 1.000E+00
 33 3.128E+05  2.998 4.262    3.145    944.02     51.43 0.000 0.000 0.000 9.995E-01 1.000E+00 1.000E+00
 34 3.349E+05  2.997 4.286    2.812    876.83    116.34 0.000 0.000 0.000 9.995E-01 1.000E+00 1.000E+00
 35 3.755E+05  2.983 4.319    2.377    744.67    216.99 0.000 0.000 0.000 9.995E-01 1.000E+00 1.000E+00
 36 4.161E+05  2.959 4.340    2.099    406.60    503.35 0.115 0.000 0.000 9.995E-01 1.000E+00 1.000E+00
 37 4.571E+05  2.894 4.339    1.957     -9.66    793.12 0.259 0.000 0.000 9.995E-01 1.000E+00 1.000E+00
 38 5.026E+05  2.829 4.329    1.901    -44.76    719.31 0.280 0.000 0.000 9.995E-01 1.000E+00 1.000E+00
 39 5.319E+05  2.818 4.327    1.895    -29.80    687.49 0.277 0.000 0.000 9.995E-01 1.000E+00 1.000E+00
 40 5.379E+05  2.817 4.326    1.901    -26.74    682.91 0.276 0.000 0.000 9.995E-01 1.000E+00 1.000E+00
 41 5.457E+05  2.817 4.326    1.901    -23.41    679.59 0.276 0.000 0.000 9.995E-01 1.000E+00 1.000E+00
 42 5.523E+05  2.817 4.326    1.901    -20.75    676.92 0.276 0.000 0.000 9.995E-01 1.000E+00 1.000E+00
 43 5.610E+05  2.817 4.326    1.901    -18.16    674.33 0.275 0.000 0.000 9.995E-01 1.000E+00 1.000E+00
 44 5.722E+05  2.817 4.326    1.901    -15.73    671.90 0.275 0.000 0.000 9.995E-01 1.000E+00 1.000E+00
 45 5.817E+05  2.818 4.326    1.904    -14.13    671.81 0.275 0.000 0.000 9.995E-01 1.000E+00 1.000E+00
 46 5.941E+05  2.818 4.326    1.904    -12.84    670.52 0.275 0.000 0.000 9.995E-01 1.000E+00 1.000E+00
 47 6.053E+05  2.818 4.326    1.904    -11.91    669.60 0.276 0.000 0.000 9.995E-01 1.000E+00 1.000E+00
 48 6.198E+05  2.819 4.326    1.906    -11.38    670.58 0.276 0.000 0.000 9.995E-01 1.000E+00 1.000E+00
 49 6.387E+05  2.819 4.325    1.915    -10.88    670.08 0.276 0.000 0.000 9.995E-01 1.000E+00 1.000E+00
 50 6.547E+05  2.819 4.325    1.915    -10.72    669.92 0.277 0.000 0.000 9.995E-01 1.000E+00 1.000E+00


 STELLAR MODEL :  9.0 M , Z = 0.001

 NB    AGE     LOGL  LOGTE   R        LGRAV      LNUCL  MCORE LOGTB MENV     H2        Li6       LI7

  1 0.000E+00  3.962 3.648  161.285   9157.98      4.77 1.000 5.597 1.000 1.000E+00 1.000E+00 1.000E+00
  2 1.270E+02  3.877 3.655  141.610   7529.13      4.87 1.000 5.649 1.000 1.000E+00 1.000E+00 1.000E+00
  3 3.025E+02  3.783 3.661  123.621   6054.99     12.71 1.000 5.710 1.000 1.000E+00 1.000E+00 1.000E+00
  4 5.196E+02  3.695 3.666  109.167   4953.00      1.78 0.000 5.753 0.992 1.000E+00 1.000E+00 1.000E+00
  5 7.969E+02  3.612 3.671   96.960   4076.98     15.84 0.000 5.754 0.910 1.000E+00 1.000E+00 1.000E+00
  6 1.176E+03  3.531 3.676   86.316   3379.46     16.97 0.000 5.757 0.804 1.000E+00 1.000E+00 1.000E+00
  7 1.848E+03  3.440 3.683   75.265   2738.67     15.70 0.000 5.759 0.661 1.000E+00 1.000E+00 1.000E+00
  8 2.792E+03  3.358 3.689   66.618   2263.28     17.18 0.000 5.752 0.508 1.000E+00 1.000E+00 1.000E+00
  9 4.270E+03  3.278 3.695   59.101   1883.68     13.12 0.000 5.723 0.333 1.000E+00 1.000E+00 1.000E+00
 10 4.502E+03  3.270 3.696   58.290   1849.56     12.62 0.000 5.717 0.310 1.000E+00 1.000E+00 1.000E+00
 11 7.973E+03  3.284 3.704   57.094   1865.89     57.30 0.000 5.547 0.067 1.000E+00 1.000E+00 1.000E+00
 12 8.747E+03  3.326 3.707   59.101   2017.16    101.31 0.000 5.460 0.034 1.000E+00 1.000E+00 1.000E+00
 13 9.273E+03  3.362 3.708   61.319   2151.92    149.63 0.000 5.399 0.021 1.000E+00 1.000E+00 1.000E+00
 14 9.710E+03  3.390 3.711   62.459   2254.82    200.01 0.000 5.365 0.014 1.000E+00 1.000E+00 1.000E+00
 15 1.003E+04  3.406 3.713   63.036   2302.24    244.71 0.000 5.312 0.009 1.000E+00 1.000E+00 1.000E+00
 16 1.041E+04  3.422 3.715   63.620   2332.92    309.62 0.000 5.246 0.005 1.000E+00 1.000E+00 1.000E+00
 17 1.073E+04  3.434 3.718   63.620   2354.16    362.42 0.000 5.221 0.004 1.000E+00 1.000E+00 1.000E+00
 18 1.123E+04  3.445 3.723   62.964   2356.31    429.95 0.000 5.221 0.004 1.000E+00 1.000E+00 1.000E+00
 19 1.430E+04  3.464 3.757   55.029   2412.45    498.41 0.000 0.000 0.000 1.000E+00 1.000E+00 1.000E+00
 20 1.648E+04  3.504 3.792   49.045   2749.96    441.74 0.000 0.000 0.000 1.000E+00 1.000E+00 1.000E+00
 21 1.845E+04  3.545 3.826   43.963   3120.10    387.60 0.000 0.000 0.000 1.000E+00 1.000E+00 1.000E+00
 22 2.047E+04  3.574 3.861   38.689   3424.62    325.31 0.000 0.000 0.000 1.000E+00 1.000E+00 1.000E+00
 23 2.272E+04  3.591 3.896   33.581   3641.88    257.75 0.000 0.000 0.000 1.000E+00 1.000E+00 1.000E+00
 24 2.515E+04  3.601 3.930   29.046   3797.28    193.18 0.000 0.000 0.000 1.000E+00 1.000E+00 1.000E+00
 25 2.787E+04  3.614 3.965   25.095   3979.88    131.84 0.000 0.000 0.000 1.000E+00 1.000E+00 1.000E+00
 26 3.070E+04  3.633 3.999   21.933   4200.02     95.57 0.000 0.000 0.000 1.000E+00 1.000E+00 1.000E+00
 27 3.377E+04  3.656 4.033   19.257   4462.84     66.38 0.000 0.000 0.000 1.000E+00 1.000E+00 1.000E+00
 28 3.703E+04  3.681 4.068   16.869   4752.18     45.42 0.000 0.000 0.000 1.000E+00 1.000E+00 1.000E+00
 29 4.046E+04  3.703 4.102   14.794   5013.63     33.26 0.000 0.000 0.000 1.000E+00 1.000E+00 1.000E+00
 30 4.429E+04  3.724 4.137   12.900   5276.40     20.53 0.000 0.000 0.000 1.000E+00 1.000E+00 1.000E+00
 31 4.844E+04  3.741 4.171   11.248   5494.42     13.96 0.000 0.000 0.000 1.000E+00 1.000E+00 1.000E+00
 32 5.317E+04  3.756 4.206    9.741   5691.48     10.48 0.000 0.000 0.000 1.000E+00 1.000E+00 1.000E+00
 33 5.841E+04  3.767 4.241    8.396   5849.21     -0.98 0.000 0.000 0.000 1.000E+00 1.000E+00 1.000E+00
 34 6.421E+04  3.776 4.275    7.254   5977.34     -6.65 0.000 0.000 0.000 1.000E+00 1.000E+00 1.000E+00
 35 6.828E+04  3.781 4.296    6.623   6037.91      1.92 0.000 0.000 0.000 1.000E+00 1.000E+00 1.000E+00
 36 7.207E+04  3.785 4.314    6.125   6091.85      3.87 0.000 0.000 0.000 1.000E+00 1.000E+00 1.000E+00
 37 7.612E+04  3.789 4.333    5.637   6123.01     29.10 0.000 0.000 0.000 1.000E+00 1.000E+00 1.000E+00
 38 8.109E+04  3.791 4.354    5.130   6092.25     88.27 0.000 0.000 0.000 1.000E+00 1.000E+00 1.000E+00
 39 8.810E+04  3.793 4.380    4.561   5929.30    279.74 0.000 0.000 0.000 1.000E+00 1.000E+00 1.000E+00
 40 9.609E+04  3.790 4.404    4.070   5472.23    694.06 0.000 0.000 0.000 1.000E+00 1.000E+00 1.000E+00
 41 1.108E+05  3.774 4.439    3.401   4673.00   1270.25 0.000 0.000 0.000 1.000E+00 1.000E+00 1.000E+00
 42 1.289E+05  3.735 4.460    2.952   1181.90   4250.91 0.216 0.000 0.000 1.000E+00 1.000E+00 1.000E+00
 43 1.469E+05  3.651 4.452    2.780   -291.84   4769.21 0.327 0.000 0.000 1.000E+00 1.000E+00 1.000E+00
 44 1.625E+05  3.624 4.447    2.758   -200.67   4408.16 0.328 0.000 0.000 1.000E+00 1.000E+00 1.000E+00
 45 1.683E+05  3.622 4.447    2.752   -165.90   4354.06 0.327 0.000 0.000 1.000E+00 1.000E+00 1.000E+00
 46 1.732E+05  3.622 4.446    2.764   -141.69   4329.85 0.326 0.000 0.000 1.000E+00 1.000E+00 1.000E+00
 47 1.773E+05  3.622 4.446    2.764   -124.84   4313.01 0.326 0.000 0.000 1.000E+00 1.000E+00 1.000E+00
 48 1.809E+05  3.622 4.446    2.764   -113.65   4301.81 0.326 0.000 0.000 1.000E+00 1.000E+00 1.000E+00
 49 1.855E+05  3.622 4.446    2.764   -102.74   4290.91 0.326 0.000 0.000 1.000E+00 1.000E+00 1.000E+00
 50 1.894E+05  3.622 4.446    2.764    -95.73   4283.89 0.326 0.000 0.000 1.000E+00 1.000E+00 1.000E+00


 STELLAR MODEL :  15.0 M , Z = 0.001

 NB    AGE     LOGL  LOGTE   R        LGRAV      LNUCL  MCORE LOGTB MENV     H2        Li6       LI7

  1 0.000E+00  4.597 3.630  363.996  39441.05     98.33 1.000 5.427 1.000 1.000E+00 1.000E+00 1.000E+00
  2 5.470E+01  4.511 3.637  319.224  32407.10     29.05 1.000 5.485 1.000 1.000E+00 1.000E+00 1.000E+00
  3 1.065E+02  4.428 3.646  278.353  26750.84     42.61 1.000 5.552 1.000 1.000E+00 1.000E+00 1.000E+00
  4 1.598E+02  4.343 3.650  247.797  22024.52      6.17 1.000 5.601 1.000 1.000E+00 1.000E+00 1.000E+00
  5 2.288E+02  4.260 3.653  222.124  18197.09      1.08 1.000 5.648 1.000 1.000E+00 1.000E+00 1.000E+00
  6 3.533E+02  4.172 3.661  193.462  14806.06     54.22 0.000 5.652 0.905 1.000E+00 1.000E+00 1.000E+00
  7 4.920E+02  4.091 3.665  173.019  12281.83     49.97 0.000 5.651 0.785 1.000E+00 1.000E+00 1.000E+00
  8 7.389E+02  3.998 3.670  151.913   9880.68     73.96 0.000 5.645 0.619 1.000E+00 1.000E+00 1.000E+00
  9 1.149E+03  3.908 3.677  132.615   8026.19     65.24 0.000 5.617 0.411 1.000E+00 1.000E+00 1.000E+00
 10 1.916E+03  3.872 3.684  123.195   7398.37     49.38 0.000 5.511 0.156 1.000E+00 1.000E+00 1.000E+00
 11 2.507E+03  3.966 3.690  133.535   9127.93    119.59 0.000 5.350 0.044 1.000E+00 1.000E+00 1.000E+00
 12 2.797E+03  4.056 3.695  144.742  11294.99     81.97 0.000 5.179 0.012 1.000E+00 1.000E+00 1.000E+00
 13 3.102E+03  4.142 3.710  149.140  13854.59     13.82 0.000 5.128 0.008 1.000E+00 1.000E+00 1.000E+00
 14 3.652E+03  4.213 3.750  134.615  16243.91     87.64 0.000 0.000 0.000 1.000E+00 1.000E+00 1.000E+00
 15 3.968E+03  4.235 3.777  121.925  16815.10    365.07 0.000 0.000 0.000 1.000E+00 1.000E+00 1.000E+00
 16 4.170E+03  4.242 3.793  114.181  16701.39    757.93 0.000 0.000 0.000 1.000E+00 1.000E+00 1.000E+00
 17 4.261E+03  4.245 3.800  110.941  16565.96   1014.39 0.000 0.000 0.000 1.000E+00 1.000E+00 1.000E+00
 18 4.380E+03  4.247 3.809  106.682  16315.77   1345.73 0.000 0.000 0.000 1.000E+00 1.000E+00 1.000E+00
 19 4.474E+03  4.248 3.816  103.417  16061.17   1641.04 0.000 0.000 0.000 1.000E+00 1.000E+00 1.000E+00
 20 4.611E+03  4.248 3.826   98.763  15661.14   2041.07 0.000 0.000 0.000 1.000E+00 1.000E+00 1.000E+00
 21 4.833E+03  4.246 3.840   92.383  15084.96   2535.92 0.000 0.000 0.000 1.000E+00 1.000E+00 1.000E+00
 22 5.702E+03  4.231 3.886   73.467  14437.55   2585.10 0.000 0.000 0.000 1.000E+00 1.000E+00 1.000E+00
 23 6.745E+03  4.246 3.932   60.477  15644.64   1976.24 0.000 0.000 0.000 1.000E+00 1.000E+00 1.000E+00
 24 7.792E+03  4.278 3.978   50.768  17496.93   1471.34 0.000 0.000 0.000 1.000E+00 1.000E+00 1.000E+00
 25 8.934E+03  4.304 4.024   42.324  19086.52   1052.01 0.000 0.000 0.000 1.000E+00 1.000E+00 1.000E+00
 26 1.024E+04  4.323 4.070   35.002  20375.28    663.86 0.000 0.000 0.000 1.000E+00 1.000E+00 1.000E+00
 27 1.170E+04  4.344 4.116   29.013  21676.10    405.38 0.000 0.000 0.000 1.000E+00 1.000E+00 1.000E+00
 28 1.334E+04  4.365 4.162   24.049  22942.54    232.91 0.000 0.000 0.000 1.000E+00 1.000E+00 1.000E+00
 29 1.525E+04  4.382 4.208   19.842  23979.51    121.12 0.000 0.000 0.000 1.000E+00 1.000E+00 1.000E+00
 30 1.743E+04  4.396 4.254   16.315  24835.64     54.57 0.000 0.000 0.000 1.000E+00 1.000E+00 1.000E+00
 31 1.999E+04  4.406 4.299   13.415  25443.81     26.16 0.000 0.000 0.000 1.000E+00 1.000E+00 1.000E+00
 32 2.313E+04  4.413 4.345   10.942  25910.66    -26.83 0.000 0.000 0.000 1.000E+00 1.000E+00 1.000E+00
 33 2.610E+04  4.417 4.382    9.270  26152.88    -29.55 0.000 0.000 0.000 1.000E+00 1.000E+00 1.000E+00
 34 2.806E+04  4.419 4.404    8.396  26242.56      1.36 0.000 0.000 0.000 1.000E+00 1.000E+00 1.000E+00
 35 3.056E+04  4.422 4.429    7.509  26237.09    188.74 0.000 0.000 0.000 1.000E+00 1.000E+00 1.000E+00
 36 3.344E+04  4.422 4.454    6.692  25754.98    670.85 0.000 0.000 0.000 1.000E+00 1.000E+00 1.000E+00
 37 3.669E+04  4.422 4.479    5.965  24704.27   1721.56 0.000 0.000 0.000 1.000E+00 1.000E+00 1.000E+00
 38 4.465E+04  4.409 4.525    4.754  20552.88   5093.65 0.005 0.000 0.000 1.000E+00 1.000E+00 1.000E+00
 39 5.804E+04  4.328 4.548    3.896    798.72  20484.04 0.371 0.000 0.000 1.000E+00 1.000E+00 1.000E+00
 40 7.058E+04  4.274 4.540    3.798   -678.80  19473.16 0.402 0.000 0.000 1.000E+00 1.000E+00 1.000E+00
 41 7.169E+04  4.274 4.540    3.798   -650.38  19444.74 0.402 0.000 0.000 1.000E+00 1.000E+00 1.000E+00
 42 7.262E+04  4.273 4.540    3.794   -624.66  19375.80 0.401 0.000 0.000 1.000E+00 1.000E+00 1.000E+00
 43 7.384E+04  4.273 4.540    3.794   -591.46  19342.60 0.401 0.000 0.000 1.000E+00 1.000E+00 1.000E+00
 44 7.543E+04  4.273 4.540    3.794   -551.91  19303.05 0.401 0.000 0.000 1.000E+00 1.000E+00 1.000E+00
 45 7.749E+04  4.273 4.539    3.811   -508.35  19259.49 0.401 0.000 0.000 1.000E+00 1.000E+00 1.000E+00
 46 7.924E+04  4.273 4.539    3.811   -477.25  19228.39 0.401 0.000 0.000 1.000E+00 1.000E+00 1.000E+00
 47 8.073E+04  4.273 4.539    3.811   -454.38  19205.52 0.401 0.000 0.000 1.000E+00 1.000E+00 1.000E+00
 48 8.267E+04  4.273 4.539    3.811   -429.78  19180.92 0.401 0.000 0.000 1.000E+00 1.000E+00 1.000E+00
 49 8.432E+04  4.273 4.539    3.811   -411.67  19162.80 0.401 0.000 0.000 1.000E+00 1.000E+00 1.000E+00
 50 8.646E+04  4.273 4.539    3.811   -392.52  19143.66 0.401 0.000 0.000 1.000E+00 1.000E+00 1.000E+00


 STELLAR MODEL :  25.0 M , Z = 0.001

 NB    AGE     LOGL  LOGTE   R        LGRAV      LNUCL  MCORE LOGTB MENV     H2        Li6       LI7

  1 0.000E+00  5.240 3.615  817.709 173537.32    256.34 1.000 5.236 1.000 1.000E+00 1.000E+00 1.000E+00
  2 3.201E+01  5.151 3.621  717.957 141239.50    350.75 1.000 5.301 1.000 1.000E+00 1.000E+00 1.000E+00
  3 4.614E+01  5.068 3.631  623.158 116766.26    192.52 1.000 5.371 1.000 1.000E+00 1.000E+00 1.000E+00
  4 6.031E+01  4.980 3.634  555.390  95426.84     79.51 1.000 5.422 1.000 1.000E+00 1.000E+00 1.000E+00
  5 7.842E+01  4.894 3.636  498.422  78334.76     13.92 1.000 5.469 1.000 1.000E+00 1.000E+00 1.000E+00
  6 1.098E+02  4.808 3.642  439.134  64223.94     49.43 1.000 5.529 1.000 1.000E+00 1.000E+00 1.000E+00
  7 1.511E+02  4.717 3.646  388.237  52106.95     16.18 0.000 5.575 0.992 1.000E+00 1.000E+00 1.000E+00
  8 2.188E+02  4.623 3.653  337.362  41848.55    130.25 0.000 5.565 0.835 1.000E+00 1.000E+00 1.000E+00
  9 2.987E+02  4.541 3.658  299.983  34455.27    300.70 0.000 5.551 0.665 1.000E+00 1.000E+00 1.000E+00
 10 4.560E+02  4.452 3.665  262.178  28018.15    297.65 0.000 5.529 0.448 1.000E+00 1.000E+00 1.000E+00
 11 1.032E+03  4.548 3.683  269.523  34817.72    502.99 0.000 5.160 0.026 1.000E+00 1.000E+00 1.000E+00
 12 1.133E+03  4.650 3.696  285.493  44439.07    232.39 0.000 4.987 0.008 1.000E+00 1.000E+00 1.000E+00
 13 1.254E+03  4.730 3.713  289.465  53618.33     88.64 0.000 4.967 0.004 1.000E+00 1.000E+00 1.000E+00
 14 1.448E+03  4.816 3.754  264.604  65457.36     10.96 0.000 0.000 0.000 1.000E+00 1.000E+00 1.000E+00
 15 1.512E+03  4.835 3.769  252.404  68566.34   -170.24 0.000 0.000 0.000 1.000E+00 1.000E+00 1.000E+00
 16 1.675E+03  4.868 3.809  218.070  73984.65   -188.88 0.000 0.000 0.000 1.000E+00 1.000E+00 1.000E+00
 17 1.852E+03  4.884 3.850  183.905  76122.23    443.01 0.000 0.000 0.000 1.000E+00 1.000E+00 1.000E+00
 18 1.952E+03  4.889 3.871  167.917  75732.74   1719.08 0.000 0.000 0.000 1.000E+00 1.000E+00 1.000E+00
 19 2.020E+03  4.889 3.884  158.159  74493.11   2958.71 0.000 0.000 0.000 1.000E+00 1.000E+00 1.000E+00
 20 2.090E+03  4.888 3.897  148.797  72618.04   4655.65 0.000 0.000 0.000 1.000E+00 1.000E+00 1.000E+00
 21 2.163E+03  4.887 3.911  139.346  70486.38   6609.58 0.000 0.000 0.000 1.000E+00 1.000E+00 1.000E+00
 22 2.223E+03  4.885 3.920  133.381  68540.76   8200.97 0.000 0.000 0.000 1.000E+00 1.000E+00 1.000E+00
 23 2.306E+03  4.880 3.933  124.909  66089.05   9774.23 0.000 0.000 0.000 1.000E+00 1.000E+00 1.000E+00
 24 2.608E+03  4.863 3.973  101.881  62535.79  10415.25 0.000 0.000 0.000 1.000E+00 1.000E+00 1.000E+00
 25 2.992E+03  4.849 4.013   83.386  62413.99   8222.88 0.000 0.000 0.000 1.000E+00 1.000E+00 1.000E+00
 26 3.447E+03  4.860 4.053   70.241  66484.05   5964.80 0.000 0.000 0.000 1.000E+00 1.000E+00 1.000E+00
 27 3.926E+03  4.887 4.093   60.269  72774.64   4321.32 0.000 0.000 0.000 1.000E+00 1.000E+00 1.000E+00
 28 4.445E+03  4.910 4.133   51.474  78387.59   2901.41 0.000 0.000 0.000 1.000E+00 1.000E+00 1.000E+00
 29 5.016E+03  4.928 4.173   43.711  82728.56   2000.40 0.000 0.000 0.000 1.000E+00 1.000E+00 1.000E+00
 30 5.657E+03  4.942 4.213   36.948  86169.23   1335.59 0.000 0.000 0.000 1.000E+00 1.000E+00 1.000E+00
 31 6.404E+03  4.951 4.253   31.052  88604.51    732.63 0.000 0.000 0.000 1.000E+00 1.000E+00 1.000E+00
 32 7.248E+03  4.958 4.293   26.037  90354.46    434.30 0.000 0.000 0.000 1.000E+00 1.000E+00 1.000E+00
 33 8.247E+03  4.964 4.333   21.807  91910.02    141.75 0.000 0.000 0.000 1.000E+00 1.000E+00 1.000E+00
 34 9.396E+03  4.969 4.373   18.243  93068.04     49.64 0.000 0.000 0.000 1.000E+00 1.000E+00 1.000E+00
 35 1.077E+04  4.972 4.413   15.226  93811.67    -48.52 0.000 0.000 0.000 1.000E+00 1.000E+00 1.000E+00
 36 1.243E+04  4.973 4.453   12.679  94014.50    -35.21 0.000 0.000 0.000 1.000E+00 1.000E+00 1.000E+00
 37 1.285E+04  4.973 4.462   12.164  94048.74    -69.44 0.000 0.000 0.000 1.000E+00 1.000E+00 1.000E+00
 38 1.389E+04  4.974 4.484   11.005  94051.36    144.59 0.000 0.000 0.000 1.000E+00 1.000E+00 1.000E+00
 39 1.517E+04  4.975 4.507    9.910  93422.94    990.15 0.000 0.000 0.000 1.000E+00 1.000E+00 1.000E+00
 40 1.674E+04  4.975 4.533    8.792  91372.19   3040.90 0.000 0.000 0.000 1.000E+00 1.000E+00 1.000E+00
 41 1.844E+04  4.975 4.557    7.872  86774.66   7638.43 0.000 0.000 0.000 1.000E+00 1.000E+00 1.000E+00
 42 2.205E+04  4.967 4.597    6.488  74713.43  17976.41 0.028 0.000 0.000 1.000E+00 1.000E+00 1.000E+00
 43 3.040E+04  4.887 4.624    5.225   -380.92  77476.88 0.489 0.000 0.000 1.000E+00 1.000E+00 1.000E+00
 44 3.654E+04  4.857 4.621    5.118  -2136.31  74086.41 0.512 0.000 0.000 1.000E+00 1.000E+00 1.000E+00
 45 3.718E+04  4.857 4.620    5.141  -2787.04  74737.15 0.514 0.000 0.000 1.000E+00 1.000E+00 1.000E+00
 46 3.775E+04  4.856 4.620    5.136  -1877.53  73662.15 0.513 0.000 0.000 1.000E+00 1.000E+00 1.000E+00
 47 3.827E+04  4.856 4.620    5.136  -1760.51  73545.13 0.513 0.000 0.000 1.000E+00 1.000E+00 1.000E+00
 48 3.894E+04  4.856 4.620    5.136  -1749.65  73534.28 0.513 0.000 0.000 1.000E+00 1.000E+00 1.000E+00
 49 3.981E+04  4.856 4.620    5.136  -1729.20  73513.82 0.513 0.000 0.000 1.000E+00 1.000E+00 1.000E+00
 50 4.094E+04  4.856 4.619    5.159  -1680.44  73465.06 0.513 0.000 0.000 1.000E+00 1.000E+00 1.000E+00


 STELLAR MODEL :  60.0 M , Z = 0.001

 NB    AGE     LOGL  LOGTE   R        LGRAV      LNUCL  MCORE LOGTB MENV     H2        Li6       LI7

  1 0.000E+00  5.831 3.622 1563.510 675616.21   2084.20 1.000 5.220 1.000 1.000E+00 1.000E+00 1.000E+00
  2 2.801E+01  5.751 3.627 1393.479 563512.34    173.64 1.000 5.281 1.000 1.000E+00 1.000E+00 1.000E+00
  3 3.560E+01  5.660 3.632 1226.309 456373.30    753.46 1.000 5.345 1.000 1.000E+00 1.000E+00 1.000E+00
  4 4.378E+01  5.573 3.637 1084.176 373372.65    769.02 1.000 5.397 1.000 1.000E+00 1.000E+00 1.000E+00
  5 5.880E+01  5.492 3.643  960.725 310113.20    368.18 1.000 5.462 1.000 1.000E+00 1.000E+00 1.000E+00
  6 8.715E+01  5.385 3.651  818.651 241881.85    798.64 0.000 5.492 0.901 1.000E+00 1.000E+00 1.000E+00
  7 1.093E+02  5.304 3.655  732.147 199990.45   1397.90 0.000 5.449 0.665 1.000E+00 1.000E+00 1.000E+00
  8 1.751E+02  5.220 3.665  634.743 164186.70   1784.90 0.000 5.385 0.337 1.000E+00 1.000E+00 1.000E+00
  9 2.981E+02  5.307 3.687  634.013 201459.31   1325.00 0.000 0.000 0.000 1.000E+00 1.000E+00 1.000E+00
 10 3.561E+02  5.402 3.706  648.035 251567.23    801.17 0.000 0.000 0.000 1.000E+00 1.000E+00 1.000E+00
 11 4.133E+02  5.485 3.727  647.289 305192.63    324.46 0.000 0.000 0.000 1.000E+00 1.000E+00 1.000E+00
 12 4.774E+02  5.573 3.752  638.408 373971.62    170.05 0.000 0.000 0.000 1.000E+00 1.000E+00 1.000E+00
 13 5.008E+02  5.601 3.762  629.648 399272.98   -214.76 0.000 0.000 0.000 1.000E+00 1.000E+00 1.000E+00
 14 5.842E+02  5.683 3.797  588.976 481483.40    505.23 0.000 0.000 0.000 1.000E+00 1.000E+00 1.000E+00
 15 6.653E+02  5.720 3.849  483.724 523832.75   1019.46 0.000 0.000 0.000 1.000E+00 1.000E+00 1.000E+00
 16 7.327E+02  5.723 3.902  380.274 526372.74   2117.59 0.000 0.000 0.000 1.000E+00 1.000E+00 1.000E+00
 17 7.809E+02  5.720 3.938  321.067 517741.87   7110.35 0.000 0.000 0.000 1.000E+00 1.000E+00 1.000E+00
 18 8.154E+02  5.719 3.962  287.141 508139.49  15505.59 0.000 0.000 0.000 1.000E+00 1.000E+00 1.000E+00
 19 8.406E+02  5.715 3.977  266.745 496657.67  22186.57 0.000 0.000 0.000 1.000E+00 1.000E+00 1.000E+00
 20 8.591E+02  5.715 3.988  253.569 489772.54  29071.70 0.000 0.000 0.000 1.000E+00 1.000E+00 1.000E+00
 21 8.931E+02  5.710 4.007  230.991 471064.51  41840.53 0.000 0.000 0.000 1.000E+00 1.000E+00 1.000E+00
 22 9.208E+02  5.706 4.021  215.573 456734.86  51467.81 0.000 0.000 0.000 1.000E+00 1.000E+00 1.000E+00
 23 9.564E+02  5.703 4.037  199.570 442736.06  61968.15 0.000 0.000 0.000 1.000E+00 1.000E+00 1.000E+00
 24 1.082E+03  5.686 4.085  156.890 421093.19  64236.44 0.000 0.000 0.000 1.000E+00 1.000E+00 1.000E+00
 25 1.260E+03  5.670 4.134  122.912 420230.63  47544.04 0.000 0.000 0.000 1.000E+00 1.000E+00 1.000E+00
 26 1.500E+03  5.670 4.182   98.536 438267.32  29507.36 0.000 0.000 0.000 1.000E+00 1.000E+00 1.000E+00
 27 1.795E+03  5.694 4.230   81.207 477138.46  17214.19 0.000 0.000 0.000 1.000E+00 1.000E+00 1.000E+00
 28 2.126E+03  5.719 4.279   66.695 513479.26  10165.81 0.000 0.000 0.000 1.000E+00 1.000E+00 1.000E+00
 29 2.493E+03  5.730 4.327   54.149 531830.06   5247.61 0.000 0.000 0.000 1.000E+00 1.000E+00 1.000E+00
 30 2.921E+03  5.731 4.375   43.460 537978.98    336.79 0.000 0.000 0.000 1.000E+00 1.000E+00 1.000E+00
 31 3.452E+03  5.732 4.423   34.881 538753.69    803.03 0.012 0.000 0.000 1.000E+00 1.000E+00 1.000E+00
 32 4.098E+03  5.733 4.471   27.996 540316.09    484.45 0.052 0.000 0.000 1.000E+00 1.000E+00 1.000E+00
 33 4.894E+03  5.734 4.519   22.469 540947.84   1099.38 0.090 0.000 0.000 1.000E+00 1.000E+00 1.000E+00
 34 5.886E+03  5.734 4.567   18.013 540801.25   1245.97 0.128 0.000 0.000 1.000E+00 1.000E+00 1.000E+00
 35 5.905E+03  5.734 4.568   17.930 540773.54   1273.69 0.129 0.000 0.000 1.000E+00 1.000E+00 1.000E+00
 36 6.532E+03  5.733 4.594   15.889 536319.16   4481.38 0.162 0.000 0.000 1.000E+00 1.000E+00 1.000E+00
 37 7.207E+03  5.734 4.618   14.243 525453.72  16593.50 0.219 0.000 0.000 1.000E+00 1.000E+00 1.000E+00
 38 7.960E+03  5.733 4.641   12.796 502745.96  38054.58 0.289 0.000 0.000 1.000E+00 1.000E+00 1.000E+00
 39 8.878E+03  5.732 4.665   11.444 423456.51 116100.21 0.395 0.000 0.000 1.000E+00 1.000E+00 1.000E+00
 40 9.913E+03  5.727 4.686   10.330 374894.87 158485.56 0.498 0.000 0.000 1.000E+00 1.000E+00 1.000E+00
 41 1.147E+04  5.720 4.712    9.090 241991.71 282860.51 0.561 0.000 0.000 1.000E+00 1.000E+00 1.000E+00
 42 1.298E+04  5.704 4.722    8.523  47444.01 458423.67 0.664 0.000 0.000 1.000E+00 1.000E+00 1.000E+00
 43 1.452E+04  5.691 4.723    8.358  -1238.32 492187.84 0.704 0.000 0.000 1.000E+00 1.000E+00 1.000E+00
 44 1.581E+04  5.687 4.723    8.319 -10228.83 496677.28 0.713 0.000 0.000 1.000E+00 1.000E+00 1.000E+00
 45 1.589E+04  5.687 4.723    8.319 -10573.44 497021.88 0.713 0.000 0.000 1.000E+00 1.000E+00 1.000E+00
 46 1.598E+04  5.687 4.723    8.319 -11011.48 497459.93 0.713 0.000 0.000 1.000E+00 1.000E+00 1.000E+00
 47 1.611E+04  5.687 4.723    8.319 -11502.97 497951.41 0.714 0.000 0.000 1.000E+00 1.000E+00 1.000E+00
 48 1.627E+04  5.687 4.722    8.358 -11989.64 498438.09 0.714 0.000 0.000 1.000E+00 1.000E+00 1.000E+00
 49 1.647E+04  5.687 4.722    8.358 -12396.83 498845.28 0.714 0.000 0.000 1.000E+00 1.000E+00 1.000E+00
 50 1.675E+04  5.686 4.722    8.348 -17826.96 503156.60 0.715 0.000 0.000 1.000E+00 1.000E+00 1.000E+00





