
 STELLAR MODEL :  0.8 M , Z = 0.020

 NB    AGE     LOGL  LOGTE   R        LGRAV      LNUCL  MCORE LOGTB MENV     H2        Li6       LI7

  1 0.000E+00  1.344 3.615    9.217     22.03      0.05 1.000 5.849 1.000 1.000E+00 1.000E+00 1.000E+00
  2 1.320E+04  1.173 3.621    7.364     14.84      0.05 1.000 5.941 1.000 9.995E-01 1.000E+00 1.000E+00
  3 4.102E+04  0.994 3.627    5.829      8.75      1.11 1.000 6.039 1.000 9.615E-01 1.000E+00 1.000E+00
  4 6.293E+04  0.921 3.629    5.310      4.95      3.39 1.000 6.078 1.000 8.025E-01 1.000E+00 1.000E+00
  5 7.975E+04  0.890 3.630    5.100      3.54      4.22 1.000 6.094 1.000 5.835E-01 1.000E+00 1.000E+00
  6 9.211E+04  0.871 3.630    4.990      3.33      4.10 1.000 6.104 1.000 4.057E-01 1.000E+00 1.000E+00
  7 1.083E+05  0.846 3.631    4.826      3.70      3.32 1.000 6.118 1.000 2.086E-01 1.000E+00 1.000E+00
  8 1.273E+05  0.813 3.633    4.603      4.87      1.63 1.000 6.138 1.000 5.410E-02 1.000E+00 1.000E+00
  9 2.143E+05  0.637 3.635    3.725      4.33      0.00 1.000 6.228 1.000 0.000E+00 1.000E+00 1.000E+00
 10 3.640E+05  0.472 3.637    3.052      2.96      0.01 1.000 6.313 1.000 0.000E+00 1.000E+00 1.000E+00
 11 6.173E+05  0.304 3.637    2.515      2.01      0.00 1.000 6.395 1.000 0.000E+00 1.000E+00 1.000E+00
 12 1.007E+06  0.141 3.633    2.124      1.38      0.00 1.000 6.467 1.000 0.000E+00 9.967E-01 1.000E+00
 13 1.839E+06  -.051 3.629    1.734      0.89      0.00 1.000 6.554 1.000 0.000E+00 6.319E-01 9.944E-01
 14 3.090E+06  -.213 3.626    1.459      0.61      0.00 0.000 6.600 0.973 0.000E+00 0.000E+00 7.962E-01
 15 5.208E+06  -.379 3.620    1.239      0.42      0.00 0.000 6.602 0.846 0.000E+00 0.000E+00 2.351E-01
 16 8.889E+06  -.541 3.613    1.062      0.28      0.00 0.000 6.593 0.665 0.000E+00 0.000E+00 1.656E-02
 17 1.380E+07  -.637 3.614    0.946      0.23      0.00 0.000 6.576 0.499 0.000E+00 0.000E+00 1.319E-03
 18 1.879E+07  -.673 3.620    0.883      0.21      0.00 0.000 6.556 0.374 0.000E+00 0.000E+00 0.000E+00
 19 2.378E+07  -.672 3.629    0.848      0.21      0.00 0.000 6.534 0.279 0.000E+00 0.000E+00 0.000E+00
 20 2.877E+07  -.642 3.643    0.823      0.23      0.00 0.000 6.509 0.203 0.000E+00 0.000E+00 0.000E+00
 21 3.234E+07  -.597 3.657    0.813      0.25      0.00 0.000 6.498 0.164 0.000E+00 0.000E+00 0.000E+00
 22 3.466E+07  -.569 3.666    0.806      0.26      0.01 0.000 6.477 0.135 0.000E+00 0.000E+00 0.000E+00
 23 3.628E+07  -.548 3.672    0.803      0.27      0.01 0.000 6.471 0.121 0.000E+00 0.000E+00 0.000E+00
 24 3.764E+07  -.532 3.677    0.799      0.28      0.01 0.000 6.460 0.108 0.000E+00 0.000E+00 0.000E+00
 25 3.900E+07  -.514 3.682    0.797      0.29      0.01 0.000 6.466 0.101 0.000E+00 0.000E+00 0.000E+00
 26 4.013E+07  -.497 3.686    0.798      0.30      0.02 0.000 6.451 0.090 0.000E+00 0.000E+00 0.000E+00
 27 4.172E+07  -.471 3.693    0.796      0.31      0.03 0.000 6.439 0.078 0.000E+00 0.000E+00 0.000E+00
 28 4.558E+07  -.421 3.708    0.787      0.25      0.13 0.044 6.413 0.056 0.000E+00 0.000E+00 0.000E+00
 29 4.739E+07  -.414 3.713    0.775      0.19      0.20 0.084 6.413 0.052 0.000E+00 0.000E+00 0.000E+00
 30 4.898E+07  -.419 3.715    0.764      0.14      0.24 0.108 6.406 0.047 0.000E+00 0.000E+00 0.000E+00
 31 5.060E+07  -.434 3.716    0.747      0.12      0.25 0.110 6.390 0.043 0.000E+00 0.000E+00 0.000E+00
 32 5.271E+07  -.461 3.715    0.728      0.09      0.26 0.098 6.401 0.043 0.000E+00 0.000E+00 0.000E+00
 33 5.728E+07  -.519 3.710    0.697      0.03      0.28 0.074 6.408 0.043 0.000E+00 0.000E+00 0.000E+00
 34 6.235E+07  -.554 3.707    0.679     -0.01      0.28 0.056 6.404 0.043 0.000E+00 0.000E+00 0.000E+00
 35 6.869E+07  -.571 3.704    0.675     -0.01      0.28 0.044 6.425 0.047 0.000E+00 0.000E+00 0.000E+00
 36 7.027E+07  -.573 3.704    0.673     -0.01      0.28 0.043 6.424 0.047 0.000E+00 0.000E+00 0.000E+00
 37 7.186E+07  -.573 3.703    0.676     -0.01      0.28 0.039 6.423 0.047 0.000E+00 0.000E+00 0.000E+00
 38 7.344E+07  -.573 3.703    0.676     -0.01      0.28 0.038 6.422 0.047 0.000E+00 0.000E+00 0.000E+00
 39 7.503E+07  -.573 3.703    0.676     -0.01      0.28 0.037 6.421 0.047 0.000E+00 0.000E+00 0.000E+00
 40 7.661E+07  -.573 3.703    0.676     -0.01      0.28 0.035 6.421 0.047 0.000E+00 0.000E+00 0.000E+00
 41 7.820E+07  -.573 3.703    0.676     -0.01      0.27 0.034 6.420 0.047 0.000E+00 0.000E+00 0.000E+00
 42 8.105E+07  -.572 3.703    0.677     -0.01      0.27 0.033 6.419 0.047 0.000E+00 0.000E+00 0.000E+00
 43 8.390E+07  -.571 3.703    0.678     -0.01      0.27 0.029 6.419 0.047 0.000E+00 0.000E+00 0.000E+00
 44 8.675E+07  -.570 3.703    0.679     -0.01      0.27 0.029 6.418 0.047 0.000E+00 0.000E+00 0.000E+00
 45 8.960E+07  -.570 3.703    0.679      0.00      0.27 0.028 6.418 0.047 0.000E+00 0.000E+00 0.000E+00
 46 9.246E+07  -.569 3.703    0.679      0.00      0.27 0.025 6.417 0.047 0.000E+00 0.000E+00 0.000E+00
 47 9.531E+07  -.569 3.703    0.679      0.00      0.27 0.024 6.417 0.047 0.000E+00 0.000E+00 0.000E+00
 48 9.816E+07  -.568 3.703    0.680      0.00      0.27 0.024 6.417 0.047 0.000E+00 0.000E+00 0.000E+00
 49 1.010E+08  -.568 3.703    0.680      0.00      0.27 0.024 6.416 0.047 0.000E+00 0.000E+00 0.000E+00
 50 1.039E+08  -.567 3.703    0.681      0.00      0.27 0.023 6.416 0.047 0.000E+00 0.000E+00 0.000E+00
   

 STELLAR MODEL :  1.0 M , Z = 0.020

 NB    AGE     LOGL  LOGTE   R        LGRAV      LNUCL  MCORE LOGTB MENV     H2        Li6       LI7

  1 0.000E+00  1.642 3.613   13.110     43.79      0.06 1.000 5.796 1.000 1.000E+00 1.000E+00 1.000E+00
  2 6.004E+03  1.507 3.622   10.767     32.12      0.02 1.000 5.876 1.000 1.000E+00 1.000E+00 1.000E+00
  3 1.635E+04  1.364 3.628    8.884     23.05      0.08 1.000 5.957 1.000 9.995E-01 1.000E+00 1.000E+00
  4 3.317E+04  1.223 3.635    7.313     15.89      0.83 1.000 6.036 1.000 9.850E-01 1.000E+00 1.000E+00
  5 6.116E+04  1.108 3.639    6.289      7.47      5.35 1.000 6.100 1.000 7.585E-01 1.000E+00 1.000E+00
  6 8.095E+04  1.066 3.640    5.965      5.55      6.10 1.000 6.122 1.000 4.251E-01 1.000E+00 1.000E+00
  7 9.705E+04  1.035 3.641    5.729      6.11      4.73 1.000 6.140 1.000 1.882E-01 1.000E+00 1.000E+00
  8 1.163E+05  0.989 3.642    5.409      8.05      1.70 1.000 6.165 1.000 3.062E-02 1.000E+00 1.000E+00
  9 1.763E+05  0.856 3.648    4.514      7.17      0.01 1.000 6.240 1.000 0.000E+00 1.000E+00 1.000E+00
 10 2.654E+05  0.719 3.649    3.838      5.23      0.01 1.000 6.310 1.000 0.000E+00 1.000E+00 1.000E+00
 11 4.307E+05  0.578 3.654    3.188      3.77      0.01 1.000 6.388 1.000 0.000E+00 1.000E+00 1.000E+00
 12 6.936E+05  0.425 3.653    2.686      2.65      0.01 1.000 6.463 1.000 0.000E+00 9.988E-01 1.000E+00
 13 1.068E+06  0.285 3.651    2.307      1.93      0.00 1.000 6.528 1.000 0.000E+00 9.520E-01 9.994E-01
 14 1.647E+06  0.153 3.651    1.982      1.42      0.00 0.000 6.587 0.998 0.000E+00 2.513E-01 9.820E-01
 15 2.450E+06  0.021 3.647    1.734      1.04      0.00 0.000 6.587 0.914 0.000E+00 0.000E+00 8.857E-01
 16 3.555E+06  -.095 3.644    1.538      0.80      0.01 0.000 6.586 0.798 0.000E+00 0.000E+00 6.974E-01
 17 4.695E+06  -.170 3.644    1.411      0.67      0.01 0.000 6.581 0.698 0.000E+00 0.000E+00 5.248E-01
 18 5.836E+06  -.228 3.643    1.326      0.59      0.01 0.000 6.579 0.623 0.000E+00 0.000E+00 4.039E-01
 19 6.971E+06  -.269 3.643    1.265      0.53      0.01 0.000 6.572 0.553 0.000E+00 0.000E+00 3.200E-01
 20 8.112E+06  -.300 3.644    1.215      0.50      0.00 0.000 6.564 0.490 0.000E+00 0.000E+00 2.669E-01
 21 9.253E+06  -.316 3.647    1.176      0.48      0.01 0.000 6.558 0.439 0.000E+00 0.000E+00 2.325E-01
 22 1.039E+07  -.328 3.650    1.144      0.47      0.00 0.000 6.548 0.388 0.000E+00 0.000E+00 2.104E-01
 23 1.153E+07  -.334 3.653    1.121      0.46      0.00 0.000 6.542 0.346 0.000E+00 0.000E+00 1.960E-01
 24 1.268E+07  -.333 3.657    1.102      0.46      0.00 0.000 6.532 0.306 0.000E+00 0.000E+00 1.871E-01
 25 1.382E+07  -.327 3.662    1.084      0.47      0.00 0.000 6.523 0.270 0.000E+00 0.000E+00 1.812E-01
 26 1.485E+07  -.306 3.669    1.075      0.49      0.00 0.000 6.513 0.240 0.000E+00 0.000E+00 1.779E-01
 27 1.603E+07  -.290 3.676    1.061      0.51      0.00 0.000 6.505 0.211 0.000E+00 0.000E+00 1.754E-01
 28 1.730E+07  -.274 3.682    1.051      0.53      0.01 0.000 6.491 0.179 0.000E+00 0.000E+00 1.736E-01
 29 1.857E+07  -.254 3.688    1.046      0.55      0.01 0.000 6.472 0.149 0.000E+00 0.000E+00 1.727E-01
 30 1.984E+07  -.227 3.694    1.050      0.58      0.01 0.000 6.466 0.128 0.000E+00 0.000E+00 1.723E-01
 31 2.104E+07  -.187 3.704    1.050      0.64      0.01 0.000 6.437 0.101 0.000E+00 0.000E+00 1.721E-01
 32 2.231E+07  -.146 3.714    1.051      0.70      0.01 0.000 6.423 0.083 0.000E+00 0.000E+00 1.720E-01
 33 2.358E+07  -.103 3.725    1.050      0.77      0.02 0.000 6.407 0.067 0.000E+00 0.000E+00 1.720E-01
 34 2.484E+07  -.062 3.734    1.056      0.83      0.03 0.000 6.384 0.052 0.000E+00 0.000E+00 1.719E-01
 35 2.611E+07  -.017 3.743    1.067      0.88      0.08 0.000 6.355 0.038 0.000E+00 0.000E+00 1.719E-01
 36 2.706E+07  0.013 3.750    1.069      0.88      0.15 0.000 6.338 0.031 0.000E+00 0.000E+00 1.719E-01
 37 2.763E+07  0.029 3.754    1.069      0.85      0.22 -.001 6.325 0.027 0.000E+00 0.000E+00 1.719E-01
 38 2.827E+07  0.043 3.758    1.067      0.80      0.30 0.005 6.279 0.020 0.000E+00 0.000E+00 1.719E-01
 39 2.953E+07  0.054 3.765    1.046      0.65      0.48 0.035 6.289 0.018 0.000E+00 0.000E+00 1.719E-01
 40 3.078E+07  0.041 3.769    1.012      0.44      0.66 0.059 6.272 0.015 0.000E+00 0.000E+00 1.719E-01
 41 3.199E+07  0.009 3.769    0.975      0.24      0.78 0.088 6.290 0.015 0.000E+00 0.000E+00 1.719E-01
 42 3.318E+07  -.031 3.768    0.936      0.08      0.85 0.097 6.297 0.015 0.000E+00 0.000E+00 1.719E-01
 43 3.444E+07  -.073 3.766    0.900      0.00      0.84 0.096 6.318 0.016 0.000E+00 0.000E+00 1.719E-01
 44 3.581E+07  -.108 3.763    0.876     -0.03      0.81 0.093 6.311 0.016 0.000E+00 0.000E+00 1.719E-01
 45 3.704E+07  -.125 3.761    0.867     -0.03      0.78 0.088 6.331 0.018 0.000E+00 0.000E+00 1.719E-01
 46 3.912E+07  -.133 3.760    0.863     -0.01      0.75 0.079 6.328 0.018 0.000E+00 0.000E+00 1.719E-01
 47 4.065E+07  -.130 3.760    0.866      0.00      0.74 0.083 6.328 0.018 0.000E+00 0.000E+00 1.719E-01
 48 4.223E+07  -.125 3.761    0.867      0.02      0.73 0.081 6.329 0.018 0.000E+00 0.000E+00 1.719E-01
 49 4.382E+07  -.121 3.761    0.871      0.02      0.73 0.079 6.330 0.018 0.000E+00 0.000E+00 1.719E-01
 50 4.540E+07  -.116 3.762    0.872      0.03      0.74 0.077 6.331 0.018 0.000E+00 0.000E+00 1.719E-01
   

 STELLAR MODEL :  1.5 M , Z = 0.020

 NB    AGE     LOGL  LOGTE   R        LGRAV      LNUCL  MCORE LOGTB MENV     H2        Li6       LI7

  1 0.000E+00  1.852 3.628   15.581     71.07      0.06 1.000 5.890 1.000 1.000E+00 1.000E+00 1.000E+00
  2 6.487E+03  1.727 3.636   13.004     53.17      0.17 1.000 5.965 1.000 1.000E+00 1.000E+00 1.000E+00
  3 1.568E+04  1.609 3.642   11.043     40.07      0.57 1.000 6.034 1.000 9.960E-01 1.000E+00 1.000E+00
  4 2.905E+04  1.502 3.648    9.497     27.86      3.91 1.000 6.096 1.000 9.525E-01 1.000E+00 1.000E+00
  5 4.506E+04  1.436 3.652    8.641     15.98     11.31 1.000 6.137 1.000 7.320E-01 1.000E+00 1.000E+00
  6 5.950E+04  1.396 3.654    8.177     12.47     12.42 1.000 6.159 1.000 3.976E-01 1.000E+00 1.000E+00
  7 6.969E+04  1.370 3.655    7.899     13.56      9.88 1.000 6.175 1.000 1.956E-01 1.000E+00 1.000E+00
  8 8.314E+04  1.330 3.657    7.475     17.52      3.86 1.000 6.198 1.000 3.640E-02 1.000E+00 1.000E+00
  9 1.238E+05  1.212 3.663    6.347     16.26      0.04 1.000 6.269 1.000 0.000E+00 1.000E+00 1.000E+00
 10 1.759E+05  1.102 3.667    5.490     12.62      0.02 1.000 6.329 1.000 0.000E+00 1.000E+00 1.000E+00
 11 2.613E+05  0.989 3.672    4.711      9.73      0.02 1.000 6.395 1.000 0.000E+00 1.000E+00 1.000E+00
 12 3.765E+05  0.878 3.674    4.108      7.54      0.01 1.000 6.454 1.000 0.000E+00 9.998E-01 1.000E+00
 13 5.598E+05  0.762 3.677    3.545      5.77      0.01 1.000 6.517 1.000 0.000E+00 9.939E-01 9.999E-01
 14 8.004E+05  0.656 3.680    3.094      4.51      0.01 0.000 6.538 0.960 0.000E+00 9.201E-01 9.990E-01
 15 1.134E+06  0.547 3.680    2.729      3.50      0.02 0.000 6.544 0.868 0.000E+00 7.228E-01 9.963E-01
 16 1.656E+06  0.441 3.682    2.394      2.74      0.02 0.000 6.546 0.743 0.000E+00 3.872E-01 9.891E-01
 17 2.481E+06  0.335 3.683    2.109      2.14      0.02 0.000 6.538 0.584 0.000E+00 1.306E-01 9.762E-01
 18 3.529E+06  0.276 3.690    1.908      1.87      0.01 0.000 6.524 0.439 0.000E+00 4.801E-02 9.646E-01
 19 4.597E+06  0.260 3.699    1.797      1.81      0.01 0.000 6.500 0.319 0.000E+00 3.016E-02 9.594E-01
 20 5.653E+06  0.268 3.707    1.748      1.84      0.01 0.000 6.473 0.227 0.000E+00 2.604E-02 9.578E-01
 21 6.710E+06  0.314 3.720    1.736      2.04      0.02 0.000 6.419 0.142 0.000E+00 2.539E-02 9.575E-01
 22 7.866E+06  0.409 3.738    1.783      2.54      0.02 0.000 6.357 0.078 0.000E+00 2.532E-02 9.575E-01
 23 8.867E+06  0.531 3.755    1.897      3.37      0.03 0.000 6.206 0.027 0.000E+00 2.532E-02 9.575E-01
 24 9.665E+06  0.651 3.772    2.014      4.46      0.02 0.000 6.207 0.018 0.000E+00 2.532E-02 9.575E-01
 25 1.045E+07  0.760 3.792    2.082      5.67      0.08 0.000 6.249 0.000 0.000E+00 2.532E-02 9.575E-01
 26 1.102E+07  0.828 3.809    2.082      6.32      0.41 0.000 6.290 0.000 0.000E+00 2.532E-02 9.575E-01
 27 1.134E+07  0.858 3.820    2.049      6.32      0.89 0.000 6.318 0.000 0.000E+00 2.532E-02 9.575E-01
 28 1.211E+07  0.860 3.844    1.839      2.55      4.69 0.130 6.372 0.000 0.000E+00 2.532E-02 9.575E-01
 29 1.277E+07  0.749 3.842    1.633     -0.10      5.71 0.198 6.392 0.000 0.000E+00 2.532E-02 9.575E-01
 30 1.382E+07  0.643 3.834    1.500      0.19      4.21 0.156 6.397 0.000 0.000E+00 2.532E-02 9.575E-01
 31 1.502E+07  0.676 3.839    1.523      1.20      3.55 0.113 6.404 0.000 0.000E+00 2.532E-02 9.575E-01
 32 1.624E+07  0.736 3.856    1.509      1.93      3.51 0.060 6.423 0.000 0.000E+00 2.532E-02 9.575E-01
 33 1.754E+07  0.758 3.870    1.451      1.25      4.47 0.050 6.444 0.000 0.000E+00 2.532E-02 9.575E-01
 34 1.955E+07  0.739 3.874    1.393      0.29      5.19 0.073 6.457 0.000 0.000E+00 2.532E-02 9.575E-01
 35 2.136E+07  0.725 3.873    1.377      0.02      5.29 0.086 6.458 0.000 0.000E+00 2.532E-02 9.575E-01
 36 2.313E+07  0.722 3.873    1.373      0.00      5.27 0.091 6.459 0.000 0.000E+00 2.532E-02 9.575E-01
 37 2.509E+07  0.721 3.873    1.371      0.01      5.25 0.092 6.459 0.000 0.000E+00 2.532E-02 9.575E-01
 38 2.614E+07  0.721 3.873    1.371      0.01      5.25 0.095 6.459 0.000 0.000E+00 2.532E-02 9.575E-01
 39 2.815E+07  0.722 3.873    1.373      0.00      5.27 0.096 6.459 0.000 0.000E+00 2.532E-02 9.575E-01
 40 2.921E+07  0.721 3.873    1.371      0.00      5.26 0.098 6.460 0.000 0.000E+00 2.532E-02 9.575E-01
 41 3.121E+07  0.722 3.873    1.373      0.00      5.27 0.099 6.460 0.000 0.000E+00 2.532E-02 9.575E-01
 42 3.227E+07  0.722 3.873    1.373      0.00      5.27 0.100 6.460 0.000 0.000E+00 2.532E-02 9.575E-01
 43 3.332E+07  0.722 3.873    1.373      0.00      5.27 0.100 6.460 0.000 0.000E+00 2.532E-02 9.575E-01
 44 3.438E+07  0.722 3.873    1.373      0.00      5.28 0.100 6.460 0.000 0.000E+00 2.532E-02 9.575E-01
 45 3.544E+07  0.722 3.873    1.373     -0.01      5.28 0.102 6.460 0.000 0.000E+00 2.532E-02 9.575E-01
 46 3.639E+07  0.722 3.873    1.373      0.00      5.28 0.103 6.460 0.000 0.000E+00 2.532E-02 9.575E-01
 47 3.744E+07  0.722 3.873    1.373      0.00      5.28 0.103 6.460 0.000 0.000E+00 2.532E-02 9.575E-01
 48 3.850E+07  0.722 3.873    1.373      0.00      5.28 0.103 6.460 0.000 0.000E+00 2.532E-02 9.575E-01
 49 3.956E+07  0.722 3.873    1.373     -0.01      5.28 0.103 6.460 0.000 0.000E+00 2.532E-02 9.575E-01
 50 4.061E+07  0.722 3.873    1.373     -0.01      5.28 0.104 6.460 0.000 0.000E+00 2.532E-02 9.575E-01
   

 STELLAR MODEL :  2.0 M , Z = 0.020

 NB    AGE     LOGL  LOGTE   R        LGRAV      LNUCL  MCORE LOGTB MENV     H2        Li6       LI7

  1 0.000E+00  2.243 3.621   25.240    174.84      0.15 1.000 5.805 1.000 1.000E+00 1.000E+00 1.000E+00
  2 3.733E+03  2.090 3.630   20.304    122.74      0.29 1.000 5.897 1.000 1.000E+00 1.000E+00 1.000E+00
  3 9.919E+03  1.944 3.640   16.390     87.69      0.22 1.000 5.986 1.000 1.000E+00 1.000E+00 1.000E+00
  4 2.160E+04  1.790 3.650   13.110     59.74      1.93 1.000 6.080 1.000 9.895E-01 1.000E+00 1.000E+00
  5 3.903E+04  1.675 3.658   11.068     31.74     15.57 1.000 6.153 1.000 8.140E-01 1.000E+00 1.000E+00
  6 5.007E+04  1.634 3.660   10.461     21.96     21.09 1.000 6.176 1.000 5.370E-01 1.000E+00 1.000E+00
  7 5.615E+04  1.616 3.661   10.200     21.31     19.99 1.000 6.186 1.000 3.649E-01 1.000E+00 1.000E+00
  8 6.491E+04  1.590 3.662    9.853     24.16     14.75 1.000 6.202 1.000 1.631E-01 1.000E+00 1.000E+00
  9 7.916E+04  1.539 3.666    9.122     31.77      2.83 1.000 6.234 1.000 1.192E-02 1.000E+00 1.000E+00
 10 1.315E+05  1.384 3.675    7.321     24.16      0.05 1.000 6.329 1.000 0.000E+00 1.000E+00 1.000E+00
 11 2.056E+05  1.242 3.680    6.076     17.41      0.05 1.000 6.408 1.000 0.000E+00 1.000E+00 1.000E+00
 12 3.533E+05  1.084 3.686    4.927     12.10      0.03 0.000 6.471 0.973 0.000E+00 9.994E-01 1.000E+00
 13 5.750E+05  0.941 3.690    4.103      8.68      0.05 0.000 6.489 0.858 0.000E+00 9.943E-01 9.999E-01
 14 9.617E+05  0.800 3.696    3.393      6.26      0.05 0.000 6.497 0.685 0.000E+00 9.706E-01 9.997E-01
 15 1.742E+06  0.680 3.706    2.822      4.74      0.04 0.000 6.479 0.439 0.000E+00 9.244E-01 9.991E-01
 16 2.515E+06  0.650 3.716    2.604      4.43      0.03 0.000 6.436 0.266 0.000E+00 9.103E-01 9.989E-01
 17 3.287E+06  0.701 3.732    2.565      4.97      0.05 0.000 6.361 0.135 0.000E+00 9.091E-01 9.989E-01
 18 4.046E+06  0.847 3.751    2.780      6.96      0.07 0.000 6.176 0.034 0.000E+00 9.091E-01 9.989E-01
 19 4.491E+06  0.991 3.770    3.007      9.78      0.02 0.000 6.089 0.014 0.000E+00 9.091E-01 9.989E-01
 20 4.984E+06  1.132 3.793    3.181     13.52      0.03 0.000 6.008 0.008 0.000E+00 9.091E-01 9.989E-01
 21 5.337E+06  1.236 3.821    3.152     17.17      0.05 0.000 6.213 0.000 0.000E+00 9.091E-01 9.989E-01
 22 5.573E+06  1.305 3.852    2.959     20.02      0.17 0.000 6.257 0.000 0.000E+00 9.091E-01 9.989E-01
 23 5.738E+06  1.350 3.877    2.777     21.83      0.55 0.000 6.264 0.000 0.000E+00 9.091E-01 9.989E-01
 24 5.932E+06  1.395 3.905    2.571     22.85      1.99 0.000 6.304 0.000 0.000E+00 9.091E-01 9.989E-01
 25 6.127E+06  1.416 3.930    2.347     18.31      7.75 0.055 6.342 0.000 0.000E+00 9.091E-01 9.989E-01
 26 6.564E+06  1.275 3.934    1.959     -0.46     19.30 0.209 6.358 0.000 0.000E+00 9.091E-01 9.989E-01
 27 7.303E+06  1.201 3.930    1.833      4.78     11.10 0.129 6.370 0.000 0.000E+00 9.091E-01 9.989E-01
 28 7.773E+06  1.276 3.955    1.781      9.36      9.52 0.072 6.397 0.000 0.000E+00 9.091E-01 9.989E-01
 29 8.591E+06  1.286 3.975    1.643      2.27     17.05 0.107 6.428 0.000 0.000E+00 9.091E-01 9.989E-01
 30 9.542E+06  1.244 3.972    1.587      0.01     17.53 0.127 6.432 0.000 0.000E+00 9.091E-01 9.989E-01
 31 1.033E+07  1.241 3.972    1.582      0.04     17.37 0.133 6.433 0.000 0.000E+00 9.091E-01 9.989E-01
 32 1.125E+07  1.240 3.972    1.580      0.04     17.34 0.138 6.433 0.000 0.000E+00 9.091E-01 9.989E-01
 33 1.233E+07  1.239 3.972    1.578      0.01     17.33 0.143 6.433 0.000 0.000E+00 9.091E-01 9.989E-01
 34 1.359E+07  1.239 3.972    1.578      0.00     17.34 0.145 6.434 0.000 0.000E+00 9.091E-01 9.989E-01
 35 1.438E+07  1.239 3.972    1.578     -0.01     17.35 0.147 6.434 0.000 0.000E+00 9.091E-01 9.989E-01
 36 1.588E+07  1.239 3.972    1.578     -0.02     17.36 0.149 6.434 0.000 0.000E+00 9.091E-01 9.989E-01
 37 1.668E+07  1.239 3.972    1.578     -0.02     17.36 0.150 6.434 0.000 0.000E+00 9.091E-01 9.989E-01
 38 1.747E+07  1.238 3.972    1.576     -0.02     17.32 0.150 6.434 0.000 0.000E+00 9.091E-01 9.989E-01
 39 1.826E+07  1.238 3.972    1.576     -0.03     17.32 0.151 6.434 0.000 0.000E+00 9.091E-01 9.989E-01
 40 1.905E+07  1.238 3.972    1.576     -0.03     17.33 0.152 6.433 0.000 0.000E+00 9.091E-01 9.989E-01
 41 2.056E+07  1.239 3.972    1.578     -0.03     17.37 0.152 6.433 0.000 0.000E+00 9.091E-01 9.989E-01
 42 2.135E+07  1.239 3.972    1.578     -0.03     17.37 0.153 6.433 0.000 0.000E+00 9.091E-01 9.989E-01
 43 2.214E+07  1.239 3.972    1.578     -0.03     17.37 0.153 6.433 0.000 0.000E+00 9.091E-01 9.989E-01
 44 2.294E+07  1.239 3.972    1.578     -0.03     17.37 0.153 6.433 0.000 0.000E+00 9.091E-01 9.989E-01
 45 2.373E+07  1.239 3.972    1.578     -0.03     17.37 0.153 6.433 0.000 0.000E+00 9.091E-01 9.989E-01
 46 2.452E+07  1.239 3.971    1.585     -0.03     17.37 0.153 6.433 0.000 0.000E+00 9.091E-01 9.989E-01
 47 2.531E+07  1.239 3.971    1.585     -0.03     17.37 0.153 6.433 0.000 0.000E+00 9.091E-01 9.989E-01
 48 2.610E+07  1.239 3.971    1.585     -0.03     17.37 0.154 6.433 0.000 0.000E+00 9.091E-01 9.989E-01
 49 2.690E+07  1.239 3.971    1.585     -0.03     17.37 0.154 6.433 0.000 0.000E+00 9.091E-01 9.989E-01
 50 2.769E+07  1.239 3.971    1.585     -0.03     17.37 0.154 6.432 0.000 0.000E+00 9.091E-01 9.989E-01
     

 STELLAR MODEL :  3.0 M , Z = 0.020

 NB    AGE     LOGL  LOGTE   R        LGRAV      LNUCL  MCORE LOGTB MENV     H2        Li6       LI7

  1 0.000E+00  2.592 3.619   38.071    390.30      0.56 1.000 5.797 1.000 1.000E+00 1.000E+00 1.000E+00
  2 1.554E+03  2.496 3.628   32.703    312.56      0.79 1.000 5.862 1.000 1.000E+00 1.000E+00 1.000E+00
  3 3.940E+03  2.391 3.637   27.803    245.59      0.46 1.000 5.929 1.000 1.000E+00 1.000E+00 1.000E+00
  4 6.957E+03  2.290 3.642   24.187    194.76      0.23 1.000 5.988 1.000 1.000E+00 1.000E+00 1.000E+00
  5 1.162E+04  2.191 3.648   20.994    154.73      0.51 1.000 6.050 1.000 9.990E-01 1.000E+00 1.000E+00
  6 1.916E+04  2.086 3.657   17.848    117.58      4.32 1.000 6.117 1.000 9.865E-01 1.000E+00 1.000E+00
  7 3.071E+04  1.988 3.663   15.509     72.45     24.83 1.000 6.178 1.000 8.450E-01 1.000E+00 1.000E+00
  8 3.779E+04  1.952 3.665   14.743     52.77     36.77 1.000 6.200 1.000 6.395E-01 1.000E+00 1.000E+00
  9 4.300E+04  1.934 3.667   14.308     47.60     38.30 1.000 6.213 1.000 4.526E-01 1.000E+00 1.000E+00
 10 5.049E+04  1.907 3.670   13.680     49.21     31.51 1.000 6.231 1.000 2.161E-01 1.000E+00 1.000E+00
 11 5.956E+04  1.866 3.672   12.930     60.66     12.80 1.000 6.255 1.000 4.268E-02 1.000E+00 1.000E+00
 12 8.193E+04  1.770 3.678   11.261     58.81      0.07 0.000 6.306 0.994 0.000E+00 1.000E+00 1.000E+00
 13 1.128E+05  1.672 3.684    9.786     46.87      0.12 0.000 6.321 0.929 0.000E+00 1.000E+00 1.000E+00
 14 1.616E+05  1.574 3.691    8.464     37.40      0.10 0.000 6.342 0.841 0.000E+00 1.000E+00 1.000E+00
 15 2.302E+05  1.472 3.696    7.355     29.50      0.15 0.000 6.355 0.735 0.000E+00 1.000E+00 1.000E+00
 16 3.350E+05  1.378 3.703    6.391     23.72      0.16 0.000 6.369 0.619 0.000E+00 1.000E+00 1.000E+00
 17 4.696E+05  1.296 3.709    5.657     19.65      0.12 0.000 6.368 0.494 0.000E+00 1.000E+00 1.000E+00
 18 6.040E+05  1.246 3.714    5.219     17.50      0.12 0.000 6.355 0.388 0.000E+00 1.000E+00 1.000E+00
 19 7.365E+05  1.218 3.718    4.961     16.41      0.11 0.000 6.332 0.296 0.000E+00 1.000E+00 1.000E+00
 20 8.669E+05  1.210 3.723    4.804     16.10      0.12 0.000 6.296 0.215 0.000E+00 1.000E+00 1.000E+00
 21 1.018E+06  1.226 3.729    4.760     16.66      0.17 0.000 6.225 0.128 0.000E+00 1.000E+00 1.000E+00
 22 1.147E+06  1.267 3.736    4.832     18.29      0.20 0.000 6.151 0.072 0.000E+00 1.000E+00 1.000E+00
 23 1.286E+06  1.351 3.746    5.083     22.23      0.21 0.000 5.992 0.023 0.000E+00 1.000E+00 1.000E+00
 24 1.413E+06  1.446 3.758    5.365     27.82      0.11 0.000 5.860 0.007 0.000E+00 1.000E+00 1.000E+00
 25 1.554E+06  1.539 3.773    5.573     34.50      0.10 0.000 0.000 0.000 0.000E+00 1.000E+00 1.000E+00
 26 1.687E+06  1.632 3.794    5.631     42.75      0.10 0.000 0.000 0.000 0.000E+00 1.000E+00 1.000E+00
 27 1.785E+06  1.706 3.820    5.440     50.78      0.04 0.000 0.000 0.000 0.000E+00 1.000E+00 1.000E+00
 28 1.868E+06  1.774 3.849    5.147     59.38      0.05 0.000 0.000 0.000 0.000E+00 1.000E+00 1.000E+00
 29 1.939E+06  1.835 3.877    4.854     68.31      0.08 0.000 0.000 0.000 0.000E+00 1.000E+00 1.000E+00
 30 2.004E+06  1.891 3.903    4.593     77.75      0.05 0.000 0.000 0.000 0.000E+00 1.000E+00 1.000E+00
 31 2.064E+06  1.945 3.930    4.316     88.02      0.09 0.000 0.000 0.000 0.000E+00 1.000E+00 1.000E+00
 32 2.128E+06  1.999 3.959    4.019     99.75      0.02 0.000 0.000 0.000 0.000E+00 1.000E+00 1.000E+00
 33 2.183E+06  2.044 3.985    3.755    110.25      0.42 0.000 0.000 0.000 0.000E+00 1.000E+00 1.000E+00
 34 2.246E+06  2.090 4.014    3.464    120.41      2.63 0.000 0.000 0.000 0.000E+00 1.000E+00 1.000E+00
 35 2.308E+06  2.124 4.041    3.181    122.12     10.93 0.001 0.000 0.000 0.000E+00 1.000E+00 1.000E+00
 36 2.384E+06  2.126 4.066    2.842     70.90     62.77 0.107 0.000 0.000 0.000E+00 1.000E+00 1.000E+00
 37 2.474E+06  2.029 4.066    2.541      1.04    105.87 0.224 0.000 0.000 0.000E+00 1.000E+00 1.000E+00
 38 2.562E+06  1.925 4.054    2.383      2.72     81.42 0.208 0.000 0.000 0.000E+00 1.000E+00 1.000E+00
 39 2.692E+06  1.912 4.057    2.315     22.73     58.93 0.161 0.000 0.000 0.000E+00 1.000E+00 1.000E+00
 40 2.823E+06  1.968 4.077    2.252     47.50     45.40 0.122 0.000 0.000 0.000E+00 1.000E+00 1.000E+00
 41 2.967E+06  2.016 4.100    2.141     42.00     61.75 0.110 0.000 0.000 0.000E+00 1.000E+00 1.000E+00
 42 3.098E+06  1.992 4.104    2.044     11.89     86.29 0.150 0.000 0.000 0.000E+00 1.000E+00 1.000E+00
 43 3.250E+06  1.954 4.100    1.993      0.24     89.72 0.169 0.000 0.000 0.000E+00 1.000E+00 1.000E+00
 44 3.443E+06  1.939 4.098    1.977     -0.03     86.92 0.173 0.000 0.000 0.000E+00 1.000E+00 1.000E+00
 45 3.657E+06  1.938 4.098    1.975      0.27     86.43 0.179 0.000 0.000 0.000E+00 1.000E+00 1.000E+00
 46 3.825E+06  1.938 4.098    1.975      0.17     86.53 0.182 0.000 0.000 0.000E+00 1.000E+00 1.000E+00
 47 3.977E+06  1.938 4.098    1.975      0.13     86.56 0.185 0.000 0.000 0.000E+00 1.000E+00 1.000E+00
 48 4.174E+06  1.938 4.098    1.975      0.03     86.67 0.188 0.000 0.000 0.000E+00 1.000E+00 1.000E+00
 49 4.351E+06  1.937 4.098    1.973      0.00     86.50 0.190 0.000 0.000 0.000E+00 1.000E+00 1.000E+00
 50 4.581E+06  1.937 4.098    1.973     -0.07     86.57 0.192 0.000 0.000 0.000E+00 1.000E+00 1.000E+00


 STELLAR MODEL :  5.0 M , Z = 0.020

 NB    AGE     LOGL  LOGTE   R        LGRAV      LNUCL  MCORE LOGTB MENV     H2        Li6       LI7

  1 0.000E+00  3.134 3.608   74.747   1360.70      0.81 1.000 5.721 1.000 1.000E+00 1.000E+00 1.000E+00
  2 5.952E+02  3.035 3.615   64.579   1082.06      1.91 1.000 5.781 1.000 1.000E+00 1.000E+00 1.000E+00
  3 1.464E+03  2.935 3.622   55.730    860.35      0.68 1.000 5.843 1.000 1.000E+00 1.000E+00 1.000E+00
  4 2.805E+03  2.839 3.632   47.653    689.73      0.54 1.000 5.909 1.000 1.000E+00 1.000E+00 1.000E+00
  5 4.778E+03  2.737 3.640   40.840    544.83      0.95 1.000 5.975 1.000 1.000E+00 1.000E+00 1.000E+00
  6 7.838E+03  2.630 3.648   34.801    425.43      1.17 0.000 6.029 0.988 1.000E+00 1.000E+00 1.000E+00
  7 1.186E+04  2.536 3.656   30.102    340.84      2.73 0.000 6.050 0.922 9.990E-01 1.000E+00 1.000E+00
  8 1.692E+04  2.452 3.663   26.460    273.39      9.76 0.000 6.068 0.846 9.965E-01 1.000E+00 1.000E+00
  9 1.985E+04  2.416 3.666   25.037    243.39     17.24 0.000 6.076 0.811 9.935E-01 1.000E+00 1.000E+00
 10 2.155E+04  2.398 3.667   24.411    228.82     21.22 0.000 6.079 0.791 9.915E-01 1.000E+00 1.000E+00
 11 2.399E+04  2.373 3.669   23.501    210.03     26.03 0.000 6.087 0.771 9.880E-01 1.000E+00 1.000E+00
 12 3.657E+04  2.283 3.677   20.422    163.08     28.80 0.000 6.103 0.661 9.565E-01 1.000E+00 1.000E+00
 13 5.687E+04  2.195 3.685   17.786    137.74     18.94 0.000 6.087 0.476 9.010E-01 1.000E+00 1.000E+00
 14 9.488E+04  2.106 3.697   15.191    119.30      8.35 0.000 6.046 0.261 8.475E-01 1.000E+00 1.000E+00
 15 1.404E+05  2.081 3.708   14.031    115.92      4.59 0.000 5.945 0.101 8.360E-01 1.000E+00 1.000E+00
 16 1.858E+05  2.128 3.722   13.886    131.26      3.02 0.000 5.782 0.023 8.355E-01 1.000E+00 1.000E+00
 17 2.314E+05  2.177 3.739   13.586    148.56      1.76 0.000 5.767 0.000 8.355E-01 1.000E+00 1.000E+00
 18 2.782E+05  2.224 3.761   12.959    166.21      1.29 0.000 0.000 0.000 8.355E-01 1.000E+00 1.000E+00
 19 3.140E+05  2.280 3.789   12.150    189.32      1.23 0.000 0.000 0.000 8.355E-01 1.000E+00 1.000E+00
 20 3.393E+05  2.329 3.815   11.405    212.13      1.18 0.000 0.000 0.000 8.355E-01 1.000E+00 1.000E+00
 21 3.640E+05  2.384 3.843   10.680    241.43      0.68 0.000 0.000 0.000 8.355E-01 1.000E+00 1.000E+00
 22 3.862E+05  2.440 3.871   10.014    274.36      1.08 0.000 0.000 0.000 8.355E-01 1.000E+00 1.000E+00
 23 4.084E+05  2.501 3.900    9.399    315.85      1.12 0.000 0.000 0.000 8.355E-01 1.000E+00 1.000E+00
 24 4.261E+05  2.552 3.925    8.884    356.02      0.45 0.000 0.000 0.000 8.355E-01 1.000E+00 1.000E+00
 25 4.439E+05  2.607 3.952    8.358    403.95      0.64 0.000 0.000 0.000 8.355E-01 1.000E+00 1.000E+00
 26 4.613E+05  2.660 3.979    7.845    456.13      0.97 0.000 0.000 0.000 8.355E-01 1.000E+00 1.000E+00
 27 4.787E+05  2.714 4.007    7.338    517.05      0.58 0.000 0.000 0.000 8.355E-01 1.000E+00 1.000E+00
 28 4.962E+05  2.766 4.036    6.817    583.22      0.25 0.000 0.000 0.000 8.355E-01 1.000E+00 1.000E+00
 29 5.136E+05  2.816 4.066    6.289    654.73     -0.07 0.000 0.000 0.000 8.355E-01 1.000E+00 1.000E+00
 30 5.294E+05  2.857 4.093    5.822    720.58     -1.10 0.000 0.000 0.000 8.355E-01 1.000E+00 1.000E+00
 31 5.453E+05  2.895 4.121    5.347    785.46     -0.19 0.000 0.000 0.000 8.355E-01 1.000E+00 1.000E+00
 32 5.611E+05  2.928 4.148    4.904    842.69      4.57 0.000 0.000 0.000 8.355E-01 1.000E+00 1.000E+00
 33 5.770E+05  2.955 4.174    4.488    879.07     22.54 0.000 0.000 0.000 8.355E-01 1.000E+00 1.000E+00
 34 5.960E+05  2.970 4.201    4.033    815.75    117.55 0.018 0.000 0.000 8.355E-01 1.000E+00 1.000E+00
 35 6.340E+05  2.880 4.217    3.377     72.48    686.13 0.235 0.000 0.000 8.355E-01 1.000E+00 1.000E+00
 36 6.578E+05  2.786 4.207    3.174     15.17    595.80 0.256 0.000 0.000 8.355E-01 1.000E+00 1.000E+00
 37 7.031E+05  2.757 4.209    3.041    195.48    376.03 0.200 0.000 0.000 8.355E-01 1.000E+00 1.000E+00
 38 7.456E+05  2.826 4.234    2.935    423.26    246.65 0.120 0.000 0.000 8.355E-01 1.000E+00 1.000E+00
 39 7.944E+05  2.830 4.251    2.726     92.56    583.55 0.197 0.000 0.000 8.355E-01 1.000E+00 1.000E+00
 40 8.400E+05  2.778 4.246    2.628      1.33    598.48 0.220 0.000 0.000 8.355E-01 1.000E+00 1.000E+00
 41 8.960E+05  2.762 4.243    2.616     -3.12    581.24 0.223 0.000 0.000 8.355E-01 1.000E+00 1.000E+00
 42 9.599E+05  2.761 4.243    2.613     -1.00    577.79 0.225 0.000 0.000 8.355E-01 1.000E+00 1.000E+00
 43 1.009E+06  2.761 4.243    2.613     -1.15    577.94 0.228 0.000 0.000 8.355E-01 1.000E+00 1.000E+00
 44 1.111E+06  2.761 4.243    2.613     -1.00    577.79 0.232 0.000 0.000 8.355E-01 1.000E+00 1.000E+00
 45 1.237E+06  2.761 4.243    2.613     -1.36    578.15 0.236 0.000 0.000 8.355E-01 1.000E+00 1.000E+00
 46 1.352E+06  2.761 4.243    2.613     -1.53    578.32 0.238 0.000 0.000 8.355E-01 1.000E+00 1.000E+00
 47 1.500E+06  2.760 4.243    2.610     -1.57    577.04 0.241 0.000 0.000 8.355E-01 1.000E+00 1.000E+00
 48 1.634E+06  2.760 4.242    2.622     -1.74    577.20 0.242 0.000 0.000 8.355E-01 1.000E+00 1.000E+00
 49 1.808E+06  2.760 4.242    2.622     -1.83    577.30 0.244 0.000 0.000 8.355E-01 1.000E+00 1.000E+00
 50 2.033E+06  2.761 4.242    2.625     -1.86    578.65 0.245 0.000 0.000 8.355E-01 1.000E+00 1.000E+00


 STELLAR MODEL :  9.0 M , Z = 0.020

 NB    AGE     LOGL  LOGTE   R        LGRAV      LNUCL  MCORE LOGTB MENV     H2        Li6       LI7

  1 0.000E+00  3.784 3.590  171.630   6073.21      8.48 1.000 5.593 1.000 1.000E+00 1.000E+00 1.000E+00
  2 2.125E+02  3.679 3.598  146.587   4765.99      9.57 1.000 5.658 1.000 1.000E+00 1.000E+00 1.000E+00
  3 4.965E+02  3.579 3.605  126.501   3789.06      4.29 1.000 5.722 1.000 1.000E+00 1.000E+00 1.000E+00
  4 9.402E+02  3.479 3.614  108.167   3009.09      4.07 1.000 5.790 1.000 1.000E+00 1.000E+00 1.000E+00
  5 1.534E+03  3.377 3.621   93.131   2377.13      5.31 0.000 5.813 0.949 1.000E+00 1.000E+00 1.000E+00
  6 2.574E+03  3.268 3.630   78.812   1845.66      7.96 0.000 5.826 0.817 1.000E+00 1.000E+00 1.000E+00
  7 4.392E+03  3.162 3.642   66.007   1441.62     10.56 0.000 5.837 0.649 1.000E+00 1.000E+00 1.000E+00
  8 7.045E+03  3.064 3.652   56.311   1150.35      8.48 0.000 5.831 0.466 1.000E+00 1.000E+00 1.000E+00
  9 1.274E+04  2.993 3.665   48.875    960.55     23.51 0.000 5.776 0.215 1.000E+00 1.000E+00 1.000E+00
 10 1.439E+04  2.994 3.667   48.483    942.72     43.60 0.000 5.738 0.156 1.000E+00 1.000E+00 1.000E+00
 11 1.533E+04  3.000 3.669   48.372    936.66     63.38 0.000 5.727 0.135 1.000E+00 1.000E+00 1.000E+00
 12 1.646E+04  3.011 3.671   48.539    940.06     85.64 0.000 5.705 0.108 1.000E+00 1.000E+00 1.000E+00
 13 1.765E+04  3.026 3.674   48.707    955.88    105.86 0.000 5.661 0.078 1.000E+00 1.000E+00 1.000E+00
 14 2.206E+04  3.122 3.683   52.190   1191.93    132.47 0.000 5.506 0.020 1.000E+00 1.000E+00 1.000E+00
 15 2.877E+04  3.218 3.714   50.535   1537.37    114.67 0.000 0.000 0.000 1.000E+00 1.000E+00 1.000E+00
 16 3.341E+04  3.257 3.755   43.761   1712.24     95.02 0.000 0.000 0.000 1.000E+00 1.000E+00 1.000E+00
 17 3.806E+04  3.265 3.794   36.905   1770.43     70.44 0.000 0.000 0.000 1.000E+00 1.000E+00 1.000E+00
 18 4.360E+04  3.263 3.833   30.767   1782.08     50.33 0.000 0.000 0.000 1.000E+00 1.000E+00 1.000E+00
 19 4.984E+04  3.273 3.872   26.007   1839.87     35.22 0.000 0.000 0.000 1.000E+00 1.000E+00 1.000E+00
 20 5.609E+04  3.308 3.910   22.729   2008.28     24.18 0.000 0.000 0.000 1.000E+00 1.000E+00 1.000E+00
 21 6.236E+04  3.361 3.949   20.188   2276.51     19.75 0.000 0.000 0.000 1.000E+00 1.000E+00 1.000E+00
 22 6.863E+04  3.428 3.990   18.055   2667.23     12.07 0.000 0.000 0.000 1.000E+00 1.000E+00 1.000E+00
 23 7.434E+04  3.497 4.029   16.334   3125.57     15.11 0.000 0.000 0.000 1.000E+00 1.000E+00 1.000E+00
 24 8.004E+04  3.563 4.070   14.591   3648.59      7.55 0.000 0.000 0.000 1.000E+00 1.000E+00 1.000E+00
 25 8.575E+04  3.627 4.111   13.004   4229.18      7.48 0.000 0.000 0.000 1.000E+00 1.000E+00 1.000E+00
 26 9.145E+04  3.685 4.152   11.510   4845.44     -3.45 0.000 0.000 0.000 1.000E+00 1.000E+00 1.000E+00
 27 9.715E+04  3.732 4.192   10.106   5405.44    -10.04 0.000 0.000 0.000 1.000E+00 1.000E+00 1.000E+00
 28 1.028E+05  3.771 4.231    8.833   5908.93     -6.59 0.000 0.000 0.000 1.000E+00 1.000E+00 1.000E+00
 29 1.091E+05  3.803 4.270    7.657   6351.49      2.18 0.000 0.000 0.000 1.000E+00 1.000E+00 1.000E+00
 30 1.162E+05  3.824 4.311    6.495   6583.47     84.98 0.000 0.000 0.000 1.000E+00 1.000E+00 1.000E+00
 31 1.190E+05  3.828 4.325    6.118   6518.34    211.81 0.000 0.000 0.000 1.000E+00 1.000E+00 1.000E+00
 32 1.219E+05  3.829 4.339    5.742   6240.07    505.60 0.003 0.000 0.000 1.000E+00 1.000E+00 1.000E+00
 33 1.365E+05  3.733 4.364    4.582    534.41   4873.44 0.284 0.000 0.000 1.000E+00 1.000E+00 1.000E+00
 34 1.612E+05  3.655 4.368    4.112   1682.88   2835.93 0.246 0.000 0.000 1.000E+00 1.000E+00 1.000E+00
 35 2.254E+05  3.633 4.390    3.623    -20.73   4316.32 0.289 0.000 0.000 1.000E+00 1.000E+00 1.000E+00
 36 3.243E+05  3.633 4.390    3.623    -15.82   4311.42 0.293 0.000 0.000 1.000E+00 1.000E+00 1.000E+00
 37 3.617E+05  3.633 4.389    3.640    -15.26   4310.86 0.295 0.000 0.000 1.000E+00 1.000E+00 1.000E+00
 38 4.102E+05  3.633 4.389    3.640    -16.05   4311.64 0.297 0.000 0.000 1.000E+00 1.000E+00 1.000E+00
 39 4.733E+05  3.633 4.389    3.640    -15.98   4311.58 0.298 0.000 0.000 1.000E+00 1.000E+00 1.000E+00
 40 5.554E+05  3.634 4.388    3.661    -14.74   4320.24 0.299 0.000 0.000 1.000E+00 1.000E+00 1.000E+00
 41 6.292E+05  3.634 4.388    3.661    -15.15   4320.65 0.300 0.000 0.000 1.000E+00 1.000E+00 1.000E+00
 42 7.060E+05  3.635 4.388    3.665    -15.00   4330.43 0.300 0.000 0.000 1.000E+00 1.000E+00 1.000E+00
 43 8.059E+05  3.635 4.387    3.682    -14.64   4330.07 0.300 0.000 0.000 1.000E+00 1.000E+00 1.000E+00
 44 8.857E+05  3.636 4.387    3.686    -14.30   4339.67 0.300 0.000 0.000 1.000E+00 1.000E+00 1.000E+00
 45 1.021E+06  3.637 4.386    3.708    -13.91   4349.26 0.300 0.000 0.000 1.000E+00 1.000E+00 1.000E+00
 46 1.196E+06  3.638 4.386    3.712    -13.38   4358.71 0.299 0.000 0.000 1.000E+00 1.000E+00 1.000E+00
 47 1.337E+06  3.639 4.385    3.733    -13.14   4368.50 0.299 0.000 0.000 1.000E+00 1.000E+00 1.000E+00
 48 1.463E+06  3.640 4.385    3.738    -12.79   4378.18 0.298 0.000 0.000 1.000E+00 1.000E+00 1.000E+00
 49 1.564E+06  3.641 4.385    3.742    -12.61   4388.07 0.298 0.000 0.000 1.000E+00 1.000E+00 1.000E+00
 50 1.655E+06  3.642 4.384    3.763    -12.36   4397.91 0.298 0.000 0.000 1.000E+00 1.000E+00 1.000E+00


 STELLAR MODEL :  15.0 M , Z = 0.020

 NB    AGE     LOGL  LOGTE   R        LGRAV      LNUCL  MCORE LOGTB MENV     H2        Li6       LI7

  1 0.000E+00  4.367 3.572  364.835  23281.08      1.35 1.000 5.454 1.000 1.000E+00 1.000E+00 1.000E+00
  2 8.539E+01  4.261 3.579  312.677  18216.90     23.22 1.000 5.521 1.000 1.000E+00 1.000E+00 1.000E+00
  3 1.927E+02  4.161 3.590  264.908  14477.42     11.20 1.000 5.594 1.000 1.000E+00 1.000E+00 1.000E+00
  4 3.230E+02  4.062 3.597  228.873  11515.39     19.84 1.000 5.655 1.000 1.000E+00 1.000E+00 1.000E+00
  5 5.075E+02  3.964 3.602  199.800   9203.15      1.89 0.000 5.695 0.980 1.000E+00 1.000E+00 1.000E+00
  6 8.607E+02  3.855 3.613  167.531   7132.73     29.11 0.000 5.709 0.846 1.000E+00 1.000E+00 1.000E+00
  7 1.413E+03  3.750 3.622  142.428   5568.57     55.15 0.000 5.718 0.673 1.000E+00 1.000E+00 1.000E+00
  8 2.493E+03  3.655 3.635  120.252   4483.86     34.94 0.000 5.696 0.411 1.000E+00 1.000E+00 1.000E+00
  9 4.907E+03  3.755 3.648  127.085   5614.23     74.62 0.000 5.459 0.056 1.000E+00 1.000E+00 1.000E+00
 10 5.478E+03  3.858 3.651  141.122   7141.03     70.46 0.000 5.319 0.020 1.000E+00 1.000E+00 1.000E+00
 11 5.932E+03  3.959 3.666  147.943   9059.39     40.28 0.000 5.295 0.014 1.000E+00 1.000E+00 1.000E+00
 12 6.546E+03  4.028 3.698  138.227  10525.59    141.01 0.000 5.220 0.010 1.000E+00 1.000E+00 1.000E+00
 13 6.872E+03  4.050 3.717  129.895  10920.07    300.79 0.000 0.000 0.000 1.000E+00 1.000E+00 1.000E+00
 14 7.110E+03  4.059 3.731  123.053  10985.30    470.53 0.000 0.000 0.000 1.000E+00 1.000E+00 1.000E+00
 15 7.357E+03  4.065 3.745  116.170  10962.18    653.01 0.000 0.000 0.000 1.000E+00 1.000E+00 1.000E+00
 16 7.928E+03  4.069 3.774  102.116  10769.48    953.18 0.000 0.000 0.000 1.000E+00 1.000E+00 1.000E+00
 17 8.761E+03  4.064 3.810   86.019  10628.52    959.95 0.000 0.000 0.000 1.000E+00 1.000E+00 1.000E+00
 18 9.730E+03  4.062 3.846   72.710  10722.87    812.36 0.000 0.000 0.000 1.000E+00 1.000E+00 1.000E+00
 19 1.083E+04  4.067 3.883   61.673  11035.77    633.03 0.000 0.000 0.000 1.000E+00 1.000E+00 1.000E+00
 20 1.213E+04  4.072 3.920   52.311  11347.81    456.11 0.000 0.000 0.000 1.000E+00 1.000E+00 1.000E+00
 21 1.353E+04  4.078 3.956   44.626  11629.66    338.47 0.000 0.000 0.000 1.000E+00 1.000E+00 1.000E+00
 22 1.512E+04  4.098 3.993   38.511  12297.34    234.84 0.000 0.000 0.000 1.000E+00 1.000E+00 1.000E+00
 23 1.685E+04  4.138 4.031   33.852  13573.85    167.42 0.000 0.000 0.000 1.000E+00 1.000E+00 1.000E+00
 24 1.844E+04  4.187 4.067   30.345  15236.44    146.07 0.000 0.000 0.000 1.000E+00 1.000E+00 1.000E+00
 25 2.017E+04  4.242 4.105   27.139  17371.07     88.25 0.000 0.000 0.000 1.000E+00 1.000E+00 1.000E+00
 26 2.191E+04  4.296 4.144   24.132  19677.86     93.10 0.000 0.000 0.000 1.000E+00 1.000E+00 1.000E+00
 27 2.364E+04  4.343 4.182   21.384  21979.72     50.97 0.000 0.000 0.000 1.000E+00 1.000E+00 1.000E+00
 28 2.538E+04  4.383 4.219   18.884  24137.81     18.37 0.000 0.000 0.000 1.000E+00 1.000E+00 1.000E+00
 29 2.725E+04  4.417 4.257   16.485  26160.50    -37.17 0.000 0.000 0.000 1.000E+00 1.000E+00 1.000E+00
 30 2.928E+04  4.445 4.295   14.292  27881.97    -18.91 0.000 0.000 0.000 1.000E+00 1.000E+00 1.000E+00
 31 3.144E+04  4.464 4.333   12.263  29184.54    -75.43 0.000 0.000 0.000 1.000E+00 1.000E+00 1.000E+00
 32 3.390E+04  4.478 4.371   10.461  30110.26    -47.49 0.000 0.000 0.000 1.000E+00 1.000E+00 1.000E+00
 33 3.563E+04  4.484 4.396    9.388  30384.72     96.27 0.000 0.000 0.000 1.000E+00 1.000E+00 1.000E+00
 34 3.651E+04  4.485 4.407    8.935  30287.04    264.22 0.000 0.000 0.000 1.000E+00 1.000E+00 1.000E+00
 35 3.704E+04  4.485 4.414    8.651  30133.94    417.32 0.000 0.000 0.000 1.000E+00 1.000E+00 1.000E+00
 36 3.757E+04  4.486 4.420    8.425  29922.91    698.77 0.000 0.000 0.000 1.000E+00 1.000E+00 1.000E+00
 37 3.810E+04  4.486 4.426    8.196  29600.14   1021.54 0.000 0.000 0.000 1.000E+00 1.000E+00 1.000E+00
 38 3.863E+04  4.485 4.432    7.963  29094.31   1456.94 0.000 0.000 0.000 1.000E+00 1.000E+00 1.000E+00
 39 3.915E+04  4.485 4.438    7.746  28354.66   2196.59 0.004 0.000 0.000 1.000E+00 1.000E+00 1.000E+00
 40 4.444E+04  4.433 4.469    6.325   6114.88  20988.83 0.290 0.000 0.000 1.000E+00 1.000E+00 1.000E+00
 41 4.696E+04  4.385 4.470    5.958   2239.33  22028.36 0.363 0.000 0.000 1.000E+00 1.000E+00 1.000E+00
 42 4.982E+04  4.342 4.468    5.722   2467.09  19512.93 0.380 0.000 0.000 1.000E+00 1.000E+00 1.000E+00
 43 5.458E+04  4.329 4.473    5.509   6221.94  15109.88 0.349 0.000 0.000 1.000E+00 1.000E+00 1.000E+00
 44 7.587E+04  4.315 4.498    4.832   -679.03  21334.17 0.393 0.000 0.000 1.000E+00 1.000E+00 1.000E+00
 45 9.672E+04  4.314 4.498    4.826    -92.18  20699.80 0.388 0.000 0.000 1.000E+00 1.000E+00 1.000E+00
 46 1.296E+05  4.315 4.498    4.832    -91.82  20746.95 0.388 0.000 0.000 1.000E+00 1.000E+00 1.000E+00
 47 1.498E+05  4.315 4.498    4.832    -89.13  20744.26 0.388 0.000 0.000 1.000E+00 1.000E+00 1.000E+00
 48 1.760E+05  4.316 4.497    4.859    -86.12  20788.86 0.388 0.000 0.000 1.000E+00 1.000E+00 1.000E+00
 49 2.101E+05  4.316 4.497    4.859    -82.87  20785.62 0.388 0.000 0.000 1.000E+00 1.000E+00 1.000E+00
 50 2.545E+05  4.317 4.496    4.887    -79.77  20830.24 0.388 0.000 0.000 1.000E+00 1.000E+00 1.000E+00


 STELLAR MODEL :  25.0 M , Z = 0.020

 NB    AGE     LOGL  LOGTE   R        LGRAV      LNUCL  MCORE LOGTB MENV     H2        Li6       LI7

  1 0.000E+00  4.938 3.555  761.375  86653.65     48.92 1.000 5.302 1.000 1.000E+00 1.000E+00 1.000E+00
  2 4.309E+01  4.831 3.563  648.781  67799.62    -30.59 1.000 5.375 1.000 1.000E+00 1.000E+00 1.000E+00
  3 7.627E+01  4.730 3.571  556.670  53648.88     58.09 1.000 5.444 1.000 1.000E+00 1.000E+00 1.000E+00
  4 1.237E+02  4.624 3.578  477.087  42001.60     73.97 1.000 5.510 1.000 1.000E+00 1.000E+00 1.000E+00
  5 2.001E+02  4.515 3.585  407.471  32738.29     -2.02 1.000 5.581 1.000 1.000E+00 1.000E+00 1.000E+00
  6 3.349E+02  4.408 3.598  339.310  25545.63     41.91 0.000 5.623 0.936 1.000E+00 1.000E+00 1.000E+00
  7 5.333E+02  4.302 3.607  288.135  19888.75    157.25 0.000 5.632 0.764 1.000E+00 1.000E+00 1.000E+00
  8 8.341E+02  4.202 3.615  247.512  15738.72    184.36 0.000 5.621 0.540 1.000E+00 1.000E+00 1.000E+00
  9 1.885E+03  4.309 3.632  258.878  20109.13    262.60 0.000 5.384 0.078 1.000E+00 1.000E+00 1.000E+00
 10 2.081E+03  4.439 3.639  291.136  27274.09    206.67 0.000 5.346 0.056 1.000E+00 1.000E+00 1.000E+00
 11 2.231E+03  4.544 3.654  306.617  34920.45     76.44 0.000 5.336 0.047 1.000E+00 1.000E+00 1.000E+00
 12 2.434E+03  4.652 3.682  305.208  44831.61     46.04 0.000 5.346 0.038 1.000E+00 1.000E+00 1.000E+00
 13 2.660E+03  4.745 3.721  283.855  55640.49    -46.13 0.000 5.359 0.028 1.000E+00 1.000E+00 1.000E+00
 14 2.849E+03  4.795 3.760  251.244  62418.40    -40.45 0.000 0.000 0.000 1.000E+00 1.000E+00 1.000E+00
 15 3.003E+03  4.806 3.792  219.581  63651.63    326.44 0.000 0.000 0.000 1.000E+00 1.000E+00 1.000E+00
 16 3.104E+03  4.806 3.813  199.340  62782.91   1195.16 0.000 0.000 0.000 1.000E+00 1.000E+00 1.000E+00
 17 3.182E+03  4.802 3.828  185.180  61460.04   1931.47 0.000 0.000 0.000 1.000E+00 1.000E+00 1.000E+00
 18 3.271E+03  4.797 3.844  171.039  59727.68   2938.18 0.000 0.000 0.000 1.000E+00 1.000E+00 1.000E+00
 19 3.398E+03  4.788 3.865  153.672  57327.36   4053.22 0.000 0.000 0.000 1.000E+00 1.000E+00 1.000E+00
 20 3.666E+03  4.768 3.902  126.647  54124.71   4493.28 0.000 0.000 0.000 1.000E+00 1.000E+00 1.000E+00
 21 3.978E+03  4.748 3.938  104.856  52067.41   3912.31 0.000 0.000 0.000 1.000E+00 1.000E+00 1.000E+00
 22 4.402E+03  4.730 3.977   85.821  50801.56   2905.41 0.000 0.000 0.000 1.000E+00 1.000E+00 1.000E+00
 23 4.916E+03  4.729 4.014   72.292  51470.01   2113.43 0.000 0.000 0.000 1.000E+00 1.000E+00 1.000E+00
 24 5.511E+03  4.747 4.051   62.243  54387.75   1463.22 0.000 0.000 0.000 1.000E+00 1.000E+00 1.000E+00
 25 6.127E+03  4.779 4.088   54.462  59032.26   1089.40 0.000 0.000 0.000 1.000E+00 1.000E+00 1.000E+00
 26 6.811E+03  4.820 4.126   47.928  65273.94    800.16 0.000 0.000 0.000 1.000E+00 1.000E+00 1.000E+00
 27 7.564E+03  4.868 4.166   42.130  73275.41    520.37 0.000 0.000 0.000 1.000E+00 1.000E+00 1.000E+00
 28 8.317E+03  4.911 4.204   37.161  81114.62    361.77 0.000 0.000 0.000 1.000E+00 1.000E+00 1.000E+00
 29 9.070E+03  4.948 4.241   32.703  88361.81    360.34 0.000 0.000 0.000 1.000E+00 1.000E+00 1.000E+00
 30 9.866E+03  4.979 4.279   28.450  95099.56    187.13 0.000 0.000 0.000 1.000E+00 1.000E+00 1.000E+00
 31 1.079E+04  5.004 4.319   24.355 100976.62    -43.80 0.000 0.000 0.000 1.000E+00 1.000E+00 1.000E+00
 32 1.171E+04  5.021 4.356   20.945 105017.13    -55.03 0.000 0.000 0.000 1.000E+00 1.000E+00 1.000E+00
 33 1.277E+04  5.032 4.395   17.725 107746.80    -92.21 0.000 0.000 0.000 1.000E+00 1.000E+00 1.000E+00
 34 1.394E+04  5.038 4.433   14.983 109329.82   -177.59 0.000 0.000 0.000 1.000E+00 1.000E+00 1.000E+00
 35 1.511E+04  5.041 4.467   12.855 109518.46    390.38 0.000 0.000 0.000 1.000E+00 1.000E+00 1.000E+00
 36 1.570E+04  5.041 4.482   11.997 108750.24   1158.60 0.000 0.000 0.000 1.000E+00 1.000E+00 1.000E+00
 37 1.609E+04  5.040 4.491   11.497 107690.32   1965.74 0.000 0.000 0.000 1.000E+00 1.000E+00 1.000E+00
 38 1.648E+04  5.040 4.500   11.030 106072.67   3583.39 0.000 0.000 0.000 1.000E+00 1.000E+00 1.000E+00
 39 1.687E+04  5.039 4.508   10.619 103380.92   6022.94 0.006 0.000 0.000 1.000E+00 1.000E+00 1.000E+00
 40 1.882E+04  5.023 4.540    8.997  56953.16  48493.43 0.225 0.000 0.000 1.000E+00 1.000E+00 1.000E+00
 41 2.038E+04  4.991 4.551    8.243  19479.41  78476.88 0.387 0.000 0.000 1.000E+00 1.000E+00 1.000E+00
 42 2.195E+04  4.954 4.554    7.791   9148.03  80808.38 0.465 0.000 0.000 1.000E+00 1.000E+00 1.000E+00
 43 2.351E+04  4.927 4.555    7.518  11106.40  73427.69 0.486 0.000 0.000 1.000E+00 1.000E+00 1.000E+00
 44 2.593E+04  4.918 4.561    7.237  23657.49  59142.80 0.468 0.000 0.000 1.000E+00 1.000E+00 1.000E+00
 45 3.296E+04  4.922 4.585    6.510   5421.75  78144.68 0.488 0.000 0.000 1.000E+00 1.000E+00 1.000E+00
 46 4.053E+04  4.907 4.585    6.399    135.32  80594.09 0.508 0.000 0.000 1.000E+00 1.000E+00 1.000E+00
 47 4.792E+04  4.906 4.585    6.391   -386.34  80930.07 0.510 0.000 0.000 1.000E+00 1.000E+00 1.000E+00
 48 5.763E+04  4.906 4.585    6.391   -380.12  80923.85 0.510 0.000 0.000 1.000E+00 1.000E+00 1.000E+00
 49 6.478E+04  4.906 4.584    6.421   -372.44  80916.18 0.509 0.000 0.000 1.000E+00 1.000E+00 1.000E+00
 50 7.406E+04  4.907 4.584    6.428   -363.40  81092.81 0.509 0.000 0.000 1.000E+00 1.000E+00 1.000E+00


 STELLAR MODEL :  60.0 M , Z = 0.020

 NB    AGE     LOGL  LOGTE   R        LGRAV      LNUCL  MCORE LOGTB MENV     H2        Li6       LI7

  1 0.000E+00  5.547 3.560 1500.032 351936.71    463.30 1.000 5.275 1.000 1.000E+00 1.000E+00 1.000E+00
  2 3.231E+01  5.450 3.566 1304.969 281708.32    152.87 1.000 5.343 1.000 1.000E+00 1.000E+00 1.000E+00
  3 5.065E+01  5.347 3.573 1122.276 222105.03    243.68 1.000 5.412 1.000 1.000E+00 1.000E+00 1.000E+00
  4 8.352E+01  5.240 3.583  947.544 173685.72    107.94 1.000 5.492 1.000 1.000E+00 1.000E+00 1.000E+00
  5 1.308E+02  5.137 3.592  807.419 136874.62    224.06 0.000 5.525 0.922 1.000E+00 1.000E+00 1.000E+00
  6 2.006E+02  5.037 3.601  690.396 107802.66   1098.53 0.000 5.515 0.698 1.000E+00 1.000E+00 1.000E+00
  7 3.607E+02  4.937 3.615  576.896  85052.07   1451.09 0.000 5.486 0.388 1.000E+00 1.000E+00 1.000E+00
  8 5.529E+02  5.046 3.638  588.299 110194.53    987.01 0.000 5.031 0.022 1.000E+00 1.000E+00 1.000E+00
  9 6.422E+02  5.154 3.658  607.572 141844.75    726.96 0.000 5.053 0.022 1.000E+00 1.000E+00 1.000E+00
 10 7.306E+02  5.273 3.678  635.475 186930.05    584.14 0.000 5.446 0.149 1.000E+00 1.000E+00 1.000E+00
 11 8.108E+02  5.378 3.692  672.354 237748.40   1051.87 0.000 5.446 0.128 1.000E+00 1.000E+00 1.000E+00
 12 8.971E+02  5.488 3.702  728.784 305636.71   1998.14 0.000 5.462 0.115 1.000E+00 1.000E+00 1.000E+00
 13 9.819E+02  5.586 3.704  808.349 382113.14   3397.32 0.000 5.458 0.095 1.000E+00 1.000E+00 1.000E+00
 14 1.077E+03  5.682 3.701  915.375 483838.84  -2958.76 0.000 5.465 0.078 1.000E+00 1.000E+00 1.000E+00
 15 1.157E+03  5.748 3.703  978.587 562558.39  -2752.83 0.000 5.462 0.059 1.000E+00 1.000E+00 1.000E+00
 16 1.191E+03  5.773 3.706  993.343 589666.31   3310.04 0.000 5.448 0.050 1.000E+00 1.000E+00 1.000E+00
 17 1.215E+03  5.787 3.710  991.059 605515.53   6887.69 0.000 5.456 0.045 1.000E+00 1.000E+00 1.000E+00
 18 1.237E+03  5.800 3.717  974.091 621133.80   9878.10 0.000 5.437 0.038 1.000E+00 1.000E+00 1.000E+00
 19 1.260E+03  5.810 3.728  936.697 627207.48  18502.67 0.000 5.440 0.033 1.000E+00 1.000E+00 1.000E+00
 20 1.298E+03  5.822 3.750  858.221 636085.81  27714.87 0.000 5.425 0.025 1.000E+00 1.000E+00 1.000E+00
 21 1.342E+03  5.843 3.794  717.957 669737.00  26950.20 0.000 0.000 0.000 1.000E+00 1.000E+00 1.000E+00
 22 1.358E+03  5.814 3.839  564.414 625022.96  26661.91 0.000 0.000 0.000 1.000E+00 1.000E+00 1.000E+00
 23 1.372E+03  5.792 3.884  447.298 591202.64  28291.92 0.000 0.000 0.000 1.000E+00 1.000E+00 1.000E+00
 24 1.388E+03  5.764 3.928  353.669 550900.99  29913.33 0.000 0.000 0.000 1.000E+00 1.000E+00 1.000E+00
 25 1.415E+03  5.731 3.972  278.033 503742.51  34573.26 0.000 0.000 0.000 1.000E+00 1.000E+00 1.000E+00
 26 1.461E+03  5.696 4.016  218.070 465895.64  30738.85 0.000 0.000 0.000 1.000E+00 1.000E+00 1.000E+00
 27 1.547E+03  5.658 4.061  169.666 431269.51  23756.93 0.000 0.000 0.000 1.000E+00 1.000E+00 1.000E+00
 28 1.692E+03  5.623 4.107  131.854 402849.76  16944.41 0.000 0.000 0.000 1.000E+00 1.000E+00 1.000E+00
 29 1.933E+03  5.615 4.152  106.192 401987.54  10144.48 0.000 0.000 0.000 1.000E+00 1.000E+00 1.000E+00
 30 2.282E+03  5.653 4.198   89.762 443402.42   6415.34 0.000 0.000 0.000 1.000E+00 1.000E+00 1.000E+00
 31 2.691E+03  5.705 4.245   76.752 502641.09   4392.74 0.000 0.000 0.000 1.000E+00 1.000E+00 1.000E+00
 32 3.090E+03  5.744 4.290   65.252 552216.50   2456.71 0.000 0.000 0.000 1.000E+00 1.000E+00 1.000E+00
 33 3.524E+03  5.772 4.336   54.524 590756.21    856.33 0.000 0.000 0.000 1.000E+00 1.000E+00 1.000E+00
 34 3.999E+03  5.790 4.382   45.039 616970.91   -322.69 0.000 0.000 0.000 1.000E+00 1.000E+00 1.000E+00
 35 4.475E+03  5.799 4.426   37.161 630183.64   -623.04 0.000 0.000 0.000 1.000E+00 1.000E+00 1.000E+00
 36 5.045E+03  5.804 4.472   30.241 638358.38  -1507.76 0.000 0.000 0.000 1.000E+00 1.000E+00 1.000E+00
 37 5.679E+03  5.805 4.517   24.609 638975.55   -656.83 0.000 0.000 0.000 1.000E+00 1.000E+00 1.000E+00
 38 6.122E+03  5.803 4.545   21.582 633333.22   2052.67 0.000 0.000 0.000 1.000E+00 1.000E+00 1.000E+00
 39 6.408E+03  5.802 4.561   20.026 626164.57   7759.97 0.013 0.000 0.000 1.000E+00 1.000E+00 1.000E+00
 40 6.819E+03  5.800 4.583   18.055 599536.42  31475.48 0.095 0.000 0.000 1.000E+00 1.000E+00 1.000E+00
 41 7.200E+03  5.798 4.600   16.657 539670.58  88442.06 0.200 0.000 0.000 1.000E+00 1.000E+00 1.000E+00
 42 7.530E+03  5.794 4.613   15.617 439222.01 183132.02 0.301 0.000 0.000 1.000E+00 1.000E+00 1.000E+00
 43 7.897E+03  5.788 4.624   14.743 291729.83 322085.13 0.415 0.000 0.000 1.000E+00 1.000E+00 1.000E+00
 44 8.309E+03  5.779 4.632   14.063 163526.92 437698.61 0.513 0.000 0.000 1.000E+00 1.000E+00 1.000E+00
 45 9.101E+03  5.760 4.642   13.140  64341.01 511148.33 0.634 0.000 0.000 1.000E+00 1.000E+00 1.000E+00
 46 1.005E+04  5.740 4.648   12.491  55144.94 494442.96 0.696 0.000 0.000 1.000E+00 1.000E+00 1.000E+00
 47 1.116E+04  5.732 4.653   12.094  98182.47 441374.26 0.699 0.000 0.000 1.000E+00 1.000E+00 1.000E+00
 48 1.338E+04  5.736 4.672   11.132 177071.01 367478.20 0.675 0.000 0.000 1.000E+00 1.000E+00 1.000E+00
 49 2.384E+04  5.728 4.681   10.582  -2862.11 537472.12 0.717 0.000 0.000 1.000E+00 1.000E+00 1.000E+00
 50 2.621E+04  5.728 4.681   10.582  -2854.97 537464.98 0.717 0.000 0.000 1.000E+00 1.000E+00 1.000E+00



