
 BIRTHLINE :  Z=0.020

 NB    AGE     MASS  LOGL  LOGTE   R     LGRAV   LNUCL  MCORE LOGTB MENV   H2SURF


  1 7.923E+04  0.801 0.731 3.632 4.223   -16.79   22.17 1.000 6.177 1.000 6.832E-02
  2 8.405E+04  0.854 0.762 3.637 4.276   -17.03   22.81 1.000 6.198 1.000 4.224E-02
  3 8.826E+04  0.901 0.781 3.640 4.311   -15.01   21.05 1.000 6.216 1.000 2.134E-02
  4 9.300E+04  0.953 0.792 3.642 4.326   -12.17   18.36 1.000 6.239 1.000 9.768E-03
  5 9.718E+04  1.000 0.813 3.647 4.331   -11.05   17.55 1.000 6.260 1.000 6.056E-03
  6 1.065E+05  1.105 0.831 3.653 4.301   -10.51   17.29 1.000 6.305 1.000 3.332E-03
  7 1.192E+05  1.250 0.856 3.662 4.247   -10.35   17.53 1.000 6.363 1.000 1.457E-03
  8 1.331E+05  1.412 0.867 3.669 4.165   -10.42   17.78 1.000 6.423 1.000 8.662E-04
  9 1.406E+05  1.500 0.875 3.673 4.126   -10.46   17.96 1.000 6.453 1.000 9.329E-04
 10 1.493E+05  1.604 0.885 3.678 4.079   -10.51   18.18 1.000 6.487 1.000 8.124E-04
 11 1.572E+05  1.700 0.883 3.680 4.033   -10.74   18.38 1.000 6.516 1.000 8.565E-04
 12 1.661E+05  1.809 0.898 3.686 3.991   -10.71   18.61 1.000 6.548 1.000 7.050E-04
 13 1.746E+05  1.915 0.899 3.689 3.941   -10.91   18.83 1.000 6.578 1.000 6.988E-04
 14 1.815E+05  2.000 0.903 3.692 3.905   -10.97   18.97 1.000 6.600 1.000 8.624E-04
 15 1.980E+05  2.210 0.911 3.699 3.816   -11.25   19.40 1.000 6.653 1.000 6.176E-04
 16 2.201E+05  2.500 0.922 3.708 3.708   -11.60   19.95 0.000 6.578 0.750 2.205E-03
 17 2.568E+05  3.000 0.962 3.723 3.623   -11.01   20.17 0.000 6.410 0.291 6.165E-03
 18 2.929E+05  3.519 1.046 3.739 3.708   -13.85   24.96 0.000 6.304 0.118 1.478E-02
 19 3.250E+05  4.001 1.236 3.760 4.189    -7.25   24.45 0.000 6.090 0.022 1.363E-01
 20 3.573E+05  4.508 2.294 3.933 6.383   187.84    8.68 0.000 6.092 0.000 1.000E+00
 21 3.875E+05  5.001 2.781 4.062 6.173   599.89    3.07 0.000 6.176 0.000 1.000E+00
 22 4.171E+05  5.504 3.107 4.185 5.100  1266.04   11.02 0.000 6.262 0.000 1.000E+00
 23 4.457E+05  6.006 3.238 4.278 3.864  -142.26 1868.80 0.220 6.200 0.000 1.000E+00
 24 4.735E+05  6.515 3.117 4.276 3.393  -702.63 2009.42 0.342 6.203 0.000 1.000E+00
 25 4.994E+05  7.001 3.265 4.315 3.362   497.19 1340.07 0.236 6.203 0.000 1.000E+00
 26 5.254E+05  7.506 3.295 4.328 3.278 -3815.43 5784.05 0.450 6.191 0.000 1.000E+00
 27 5.507E+05  8.013 3.468 4.365 3.374  -539.89 3471.59 0.307 6.209 0.000 1.000E+00


