
 STELLAR MODEL :  0.8 M , Z = 0.020

 NB    AGE     LOGL  LOGTE   R   LGRAV  LNUCL  MCORE LOGTB MENV     H2        Li6       LI7

  1 7.923E+04  0.730 3.632 4.218  -5.34  10.71 1.000 6.176 1.000 6.279E-02 9.961E-01 1.000E+00
  2 8.493E+04  0.729 3.632 4.213   3.22   2.13 1.000 6.177 1.000 1.213E-02 9.961E-01 1.000E+00
  3 9.254E+04  0.715 3.632 4.145   5.05   0.14 1.000 6.185 1.000 6.459E-04 9.961E-01 1.000E+00
  4 9.571E+04  0.709 3.632 4.117   5.11   0.00 1.000 6.188 1.000 0.000E+00 9.961E-01 1.000E+00
  5 2.446E+05  0.503 3.635 3.203   3.18   0.00 1.000 6.293 1.000 0.000E+00 9.961E-01 1.000E+00
  6 5.298E+05  0.299 3.634 2.545   1.99   0.00 1.000 6.392 1.000 0.000E+00 9.960E-01 1.000E+00
  7 1.072E+06  0.092 3.631 2.033   1.24   0.00 1.000 6.486 1.000 0.000E+00 9.876E-01 9.999E-01
  8 2.051E+06  -.113 3.624 1.658   0.77   0.00 1.000 6.575 1.000 0.000E+00 2.798E-01 9.848E-01
  9 2.330E+06  -.151 3.623 1.595   0.71   0.00 1.000 6.592 1.000 0.000E+00 4.710E-02 9.612E-01
 10 2.501E+06  -.171 3.623 1.558   0.67   0.00 1.000 6.601 1.000 0.000E+00 8.336E-03 9.354E-01
 11 2.672E+06  -.191 3.622 1.530   0.64   0.00 0.000 6.601 0.995 0.000E+00 0.000E+00 9.002E-01
 12 5.109E+06  -.392 3.615 1.254   0.40   0.00 0.000 6.599 0.845 0.000E+00 0.000E+00 2.796E-01
 13 7.565E+06  -.495 3.614 1.119   0.32   0.00 0.000 6.597 0.725 0.000E+00 0.000E+00 5.484E-02
 14 1.035E+07  -.575 3.613 1.025   0.26   0.00 0.000 6.588 0.610 0.000E+00 0.000E+00 1.007E-02
 15 1.384E+07  -.635 3.614 0.952   0.23   0.00 0.000 6.578 0.501 0.000E+00 0.000E+00 1.948E-03
 16 1.618E+07  -.663 3.615 0.918   0.22   0.00 0.000 6.568 0.437 0.000E+00 0.000E+00 0.000E+00
 17 2.445E+07  -.668 3.631 0.848   0.21   0.00 0.000 6.533 0.269 0.000E+00 0.000E+00 0.000E+00
 18 2.940E+07  -.631 3.646 0.826   0.23   0.00 0.000 6.511 0.198 0.000E+00 0.000E+00 0.000E+00
 19 3.431E+07  -.578 3.662 0.815   0.26   0.01 0.000 6.489 0.143 0.000E+00 0.000E+00 0.000E+00
 20 3.764E+07  -.526 3.678 0.804   0.29   0.01 0.000 6.468 0.111 0.000E+00 0.000E+00 0.000E+00
 21 4.176E+07  -.469 3.693 0.801   0.31   0.03 0.000 6.453 0.082 0.000E+00 0.000E+00 0.000E+00
 22 4.524E+07  -.423 3.708 0.788   0.26   0.11 0.036 6.434 0.062 0.000E+00 0.000E+00 0.000E+00
 23 5.110E+07  -.439 3.716 0.746   0.11   0.25 0.102 6.405 0.045 0.000E+00 0.000E+00 0.000E+00
 24 5.538E+07  -.495 3.712 0.712   0.05   0.27 0.077 6.419 0.045 0.000E+00 0.000E+00 0.000E+00
 25 6.299E+07  -.555 3.706 0.684  -0.01   0.28 0.050 6.417 0.045 0.000E+00 0.000E+00 0.000E+00
 26 7.154E+07  -.571 3.703 0.680  -0.01   0.28 0.037 6.409 0.045 0.000E+00 0.000E+00 0.000E+00


 STELLAR MODEL :  0.9 M , Z = 0.020

 NB    AGE     LOGL  LOGTE   R   LGRAV  LNUCL  MCORE LOGTB MENV     H2        Li6       LI7

  1 8.826E+04  0.782 3.640 4.316  -1.19   7.24 1.000 6.216 1.000 1.394E-02 9.931E-01 1.000E+00
  2 9.064E+04  0.780 3.640 4.306   4.91   1.11 1.000 6.218 1.000 2.061E-03 9.931E-01 1.000E+00
  3 9.254E+04  0.776 3.640 4.286   5.75   0.22 1.000 6.220 1.000 3.753E-04 9.931E-01 1.000E+00
  4 9.349E+04  0.774 3.640 4.276   5.95   0.00 1.000 6.220 1.000 0.000E+00 9.931E-01 1.000E+00
  5 2.459E+05  0.574 3.643 3.350   3.75   0.00 1.000 6.325 1.000 0.000E+00 9.931E-01 1.000E+00
  6 5.438E+05  0.370 3.643 2.649   2.34   0.00 1.000 6.425 1.000 0.000E+00 9.930E-01 1.000E+00
  7 1.108E+06  0.168 3.641 2.119   1.47   0.00 1.000 6.521 1.000 0.000E+00 9.552E-01 9.996E-01
  8 1.843E+06  0.010 3.637 1.800   1.02   0.00 1.000 6.590 1.000 0.000E+00 1.682E-01 9.786E-01
  9 2.033E+06  -.018 3.636 1.751   0.96   0.00 0.000 6.593 0.994 0.000E+00 3.246E-02 9.573E-01
 10 2.192E+06  -.040 3.636 1.707   0.91   0.00 0.000 6.590 0.979 0.000E+00 5.421E-03 9.337E-01
 11 2.318E+06  -.060 3.636 1.668   0.87   0.00 0.000 6.592 0.969 0.000E+00 0.000E+00 9.100E-01
 12 4.536E+06  -.261 3.630 1.360   0.55   0.00 0.000 6.593 0.794 0.000E+00 0.000E+00 4.450E-01
 13 9.385E+06  -.446 3.627 1.115   0.36   0.00 0.000 6.574 0.531 0.000E+00 0.000E+00 8.600E-02
 14 1.651E+07  -.494 3.642 0.985   0.32   0.00 0.000 6.533 0.302 0.000E+00 0.000E+00 3.476E-02
 15 2.063E+07  -.463 3.657 0.952   0.34   0.00 0.000 6.510 0.216 0.000E+00 0.000E+00 3.076E-02
 16 2.380E+07  -.419 3.672 0.935   0.38   0.00 0.000 6.491 0.162 0.000E+00 0.000E+00 2.979E-02
 17 2.665E+07  -.363 3.688 0.926   0.43   0.01 0.000 6.465 0.119 0.000E+00 0.000E+00 2.949E-02
 18 2.951E+07  -.302 3.704 0.923   0.49   0.01 0.000 6.433 0.084 0.000E+00 0.000E+00 2.937E-02
 19 3.236E+07  -.237 3.720 0.924   0.54   0.04 0.000 6.417 0.061 0.000E+00 0.000E+00 2.933E-02
 20 3.521E+07  -.181 3.736 0.916   0.47   0.19 0.021 6.362 0.038 0.000E+00 0.000E+00 2.932E-02
 21 3.806E+07  -.173 3.744 0.891   0.31   0.36 0.056 6.354 0.029 0.000E+00 0.000E+00 2.932E-02
 22 4.028E+07  -.203 3.746 0.853   0.18   0.45 0.051 6.355 0.027 0.000E+00 0.000E+00 2.932E-02
 23 5.042E+07  -.339 3.735 0.767  -0.02   0.47 0.060 6.373 0.029 0.000E+00 0.000E+00 2.930E-02


 STELLAR MODEL :  1.0 M , Z = 0.020

 NB    AGE     LOGL  LOGTE   R   LGRAV  LNUCL  MCORE LOGTB MENV     H2        Li6       LI7

  1 9.718E+04  0.812 3.647 4.326   3.88   2.60 1.000 6.260 1.000 1.504E-03 9.910E-01 1.000E+00
  2 9.781E+04  0.812 3.647 4.326   6.48   0.00 1.000 6.260 1.000 0.000E+00 9.910E-01 1.000E+00
  3 2.246E+05  0.652 3.650 3.549   4.49   0.00 1.000 6.344 1.000 0.000E+00 9.909E-01 1.000E+00
  4 4.527E+05  0.488 3.652 2.911   3.08   0.00 1.000 6.429 1.000 0.000E+00 9.908E-01 1.000E+00
  5 8.140E+05  0.326 3.651 2.427   2.12   0.00 1.000 6.506 1.000 0.000E+00 9.797E-01 9.999E-01
  6 1.416E+06  0.160 3.647 2.042   1.45   0.00 1.000 6.582 1.000 0.000E+00 4.593E-01 9.909E-01
  7 1.701E+06  0.111 3.648 1.922   1.29   0.00 0.000 6.585 0.981 0.000E+00 8.472E-02 9.698E-01
  8 1.955E+06  0.071 3.647 1.844   1.18   0.00 0.000 6.586 0.955 0.000E+00 1.076E-02 9.419E-01
  9 2.145E+06  0.044 3.647 1.787   1.10   0.00 0.000 6.586 0.934 0.000E+00 1.869E-03 9.163E-01
 10 2.208E+06  0.035 3.646 1.777   1.08   0.00 0.000 6.587 0.928 0.000E+00 0.000E+00 9.070E-01
 11 3.761E+06  -.126 3.642 1.504   0.74   0.00 0.000 6.584 0.766 0.000E+00 0.000E+00 6.625E-01
 12 7.326E+06  -.288 3.642 1.248   0.51   0.00 0.000 6.568 0.526 0.000E+00 0.000E+00 3.268E-01
 13 1.289E+07  -.334 3.657 1.105   0.46   0.00 0.000 6.530 0.298 0.000E+00 0.000E+00 2.134E-01
 14 1.590E+07  -.302 3.672 1.070   0.50   0.00 0.000 6.502 0.210 0.000E+00 0.000E+00 2.033E-01
 15 1.869E+07  -.243 3.689 1.059   0.57   0.00 0.000 6.476 0.149 0.000E+00 0.000E+00 2.004E-01
 16 2.122E+07  -.184 3.705 1.053   0.65   0.01 0.000 6.446 0.103 0.000E+00 0.000E+00 1.998E-01
 17 2.325E+07  -.114 3.721 1.060   0.75   0.02 0.000 6.411 0.071 0.000E+00 0.000E+00 1.996E-01
 18 2.528E+07  -.048 3.736 1.067   0.85   0.04 0.000 6.362 0.045 0.000E+00 0.000E+00 1.996E-01
 19 2.731E+07  0.021 3.752 1.073   0.86   0.19 0.000 6.329 0.029 0.000E+00 0.000E+00 1.996E-01
 20 2.819E+07  0.043 3.758 1.071   0.80   0.30 0.001 6.288 0.021 0.000E+00 0.000E+00 1.996E-01
 21 3.136E+07  0.029 3.769 1.002   0.33   0.74 0.074 6.274 0.014 0.000E+00 0.000E+00 1.996E-01
 22 3.726E+07  -.132 3.760 0.867  -0.03   0.77 0.086 6.336 0.019 0.000E+00 0.000E+00 1.996E-01
 23 3.821E+07  -.137 3.759 0.866  -0.02   0.75 0.081 6.334 0.019 0.000E+00 0.000E+00 1.996E-01


 STELLAR MODEL :  1.25 M , Z = 0.020

 NB    AGE     LOGL  LOGTE   R   LGRAV  LNUCL  MCORE LOGTB MENV     H2        Li6       LI7

  1 1.192E+05  0.854 3.662 4.237   7.14   0.00 1.000 6.364 1.000 0.000E+00 9.861E-01 1.000E+00
  2 3.033E+05  0.692 3.665 3.468   4.92   0.00 1.000 6.449 1.000 0.000E+00 9.859E-01 1.000E+00
  3 6.329E+05  0.528 3.667 2.845   3.37   0.00 1.000 6.534 1.000 0.000E+00 9.634E-01 9.997E-01
  4 1.206E+06  0.364 3.668 2.345   2.31   0.00 0.000 6.565 0.932 0.000E+00 3.756E-01 9.887E-01
  5 1.656E+06  0.274 3.667 2.124   1.87   0.01 0.000 6.570 0.856 0.000E+00 7.093E-02 9.689E-01
  6 2.021E+06  0.217 3.666 1.998   1.64   0.01 0.000 6.568 0.794 0.000E+00 1.360E-02 9.493E-01
  7 2.369E+06  0.175 3.666 1.904   1.49   0.01 0.000 6.566 0.740 0.000E+00 2.582E-03 9.299E-01
  8 2.559E+06  0.155 3.665 1.869   1.42   0.01 0.000 6.566 0.714 0.000E+00 0.000E+00 9.191E-01
  9 6.235E+06  0.010 3.679 1.483   1.01   0.01 0.000 6.529 0.366 0.000E+00 0.000E+00 7.931E-01
 10 8.517E+06  0.014 3.692 1.403   1.03   0.01 0.000 6.492 0.231 0.000E+00 0.000E+00 7.781E-01
 11 9.911E+06  0.054 3.704 1.391   1.12   0.01 0.000 6.463 0.167 0.000E+00 0.000E+00 7.761E-01
 12 1.105E+07  0.100 3.716 1.387   1.25   0.01 0.000 6.443 0.127 0.000E+00 0.000E+00 7.757E-01
 13 1.219E+07  0.158 3.728 1.403   1.43   0.01 0.000 6.410 0.090 0.000E+00 0.000E+00 7.756E-01
 14 1.321E+07  0.223 3.740 1.431   1.66   0.02 0.000 6.362 0.058 0.000E+00 0.000E+00 7.756E-01
 15 1.422E+07  0.300 3.753 1.473   1.97   0.03 0.000 6.279 0.031 0.000E+00 0.000E+00 7.756E-01
 16 1.522E+07  0.384 3.766 1.528   2.37   0.05 0.000 6.171 0.013 0.000E+00 0.000E+00 7.756E-01
 17 1.600E+07  0.450 3.778 1.560   2.65   0.17 0.000 6.152 0.008 0.000E+00 0.000E+00 7.756E-01
 18 1.655E+07  0.487 3.787 1.562   2.69   0.37 0.000 6.183 0.008 0.000E+00 0.000E+00 7.756E-01
 19 1.699E+07  0.507 3.793 1.555   2.59   0.62 0.000 6.204 0.008 0.000E+00 0.000E+00 7.756E-01
 20 1.809E+07  0.513 3.805 1.481   1.46   1.80 0.096 0.000 0.000 0.000E+00 0.000E+00 7.756E-01
 21 2.008E+07  0.348 3.804 1.231  -0.11   2.33 0.160 0.000 0.000 0.000E+00 0.000E+00 7.756E-01
 22 3.618E+07  0.373 3.820 1.172   0.01   1.13 0.045 0.000 0.000 0.000E+00 0.000E+00 7.756E-01


 STELLAR MODEL :  1.5 M , Z = 0.020

 NB    AGE     LOGL  LOGTE   R   LGRAV  LNUCL  MCORE LOGTB MENV     H2        Li6       LI7

  1 1.406E+05  0.874 3.673 4.122   7.48   0.00 1.000 6.453 1.000 0.000E+00 9.828E-01 1.000E+00
  2 3.694E+05  0.731 3.677 3.432   5.39  -0.01 1.000 6.531 1.000 0.000E+00 9.728E-01 9.999E-01
  3 7.338E+05  0.586 3.678 2.891   3.85   0.00 0.000 6.542 0.912 0.000E+00 8.231E-01 9.980E-01
  4 1.406E+06  0.444 3.682 2.411   2.77   0.01 0.000 6.546 0.745 0.000E+00 4.034E-01 9.898E-01
  5 2.616E+06  0.303 3.684 2.031   2.00   0.01 0.000 6.531 0.522 0.000E+00 8.144E-02 9.715E-01
  6 4.264E+06  0.261 3.698 1.814   1.81   0.01 0.000 6.504 0.330 0.000E+00 2.892E-02 9.600E-01
  7 5.880E+06  0.285 3.712 1.749   1.92   0.01 0.000 6.455 0.189 0.000E+00 2.354E-02 9.577E-01
  8 6.926E+06  0.348 3.726 1.763   2.22   0.01 0.000 6.410 0.120 0.000E+00 2.330E-02 9.576E-01
  9 7.781E+06  0.426 3.740 1.808   2.65   0.01 0.000 6.348 0.070 0.000E+00 2.328E-02 9.576E-01
 10 8.637E+06  0.535 3.755 1.913   3.40   0.02 0.000 6.215 0.027 0.000E+00 2.328E-02 9.576E-01
 11 9.302E+06  0.636 3.769 2.014   4.31   0.01 0.000 6.111 0.012 0.000E+00 2.328E-02 9.576E-01
 12 9.873E+06  0.718 3.783 2.076   5.19   0.04 0.000 0.000 0.000 0.000E+00 2.328E-02 9.576E-01
 13 1.041E+07  0.787 3.797 2.107   5.97   0.15 0.000 0.000 0.000 0.000E+00 2.328E-02 9.576E-01
 14 1.075E+07  0.828 3.808 2.100   6.30   0.42 0.000 0.000 0.000 0.000E+00 2.328E-02 9.576E-01
 15 1.100E+07  0.853 3.816 2.083   6.34   0.78 0.000 0.000 0.000 0.000E+00 2.328E-02 9.576E-01
 16 1.125E+07  0.871 3.826 2.031   6.10   1.33 0.004 0.000 0.000 0.000E+00 2.328E-02 9.576E-01
 17 1.166E+07  0.878 3.840 1.919   4.08   3.47 0.081 0.000 0.000 0.000E+00 2.328E-02 9.576E-01
 18 1.261E+07  0.733 3.841 1.617  -0.25   5.66 0.199 0.000 0.000 0.000E+00 2.328E-02 9.576E-01
 19 1.426E+07  0.652 3.835 1.514   0.90   3.59 0.122 0.000 0.000 0.000E+00 2.328E-02 9.576E-01
 20 1.518E+07  0.705 3.845 1.537   1.76   3.31 0.085 0.000 0.000 0.000E+00 2.328E-02 9.576E-01
 21 1.566E+07  0.731 3.852 1.533   2.14   3.24 0.054 0.000 0.000 0.000E+00 2.328E-02 9.576E-01
 22 1.605E+07  0.751 3.859 1.519   2.14   3.49 0.030 0.000 0.000 0.000E+00 2.328E-02 9.576E-01
 23 1.732E+07  0.767 3.873 1.451   0.92   4.93 0.049 0.000 0.000 0.000E+00 2.328E-02 9.576E-01
 24 3.095E+07  0.721 3.873 1.376   0.00   5.26 0.100 0.000 0.000 0.000E+00 2.328E-02 9.576E-01


 STELLAR MODEL :  1.7 M , Z = 0.020

 NB    AGE     LOGL  LOGTE   R   LGRAV  LNUCL  MCORE LOGTB MENV     H2        Li6       LI7

  1 1.572E+05  0.883 3.680 4.033   7.64   0.00 0.000 6.510 0.997 0.000E+00 9.804E-01 1.000E+00
  2 4.830E+05  0.732 3.685 3.312   5.38   0.02 0.000 6.524 0.885 0.000E+00 9.348E-01 9.995E-01
  3 1.060E+06  0.581 3.688 2.745   3.80   0.01 0.000 6.526 0.700 0.000E+00 7.679E-01 9.972E-01
  4 2.790E+06  0.431 3.702 2.166   2.69   0.01 0.000 6.492 0.358 0.000E+00 4.344E-01 9.908E-01
  5 3.962E+06  0.447 3.717 2.059   2.78   0.02 0.000 6.445 0.209 0.000E+00 4.057E-01 9.900E-01
  6 5.008E+06  0.519 3.732 2.088   3.29   0.02 0.000 6.370 0.106 0.000E+00 4.040E-01 9.900E-01
  7 5.673E+06  0.613 3.747 2.171   4.08   0.03 0.000 6.276 0.052 0.000E+00 4.040E-01 9.900E-01
  8 6.339E+06  0.746 3.763 2.350   5.55   0.02 0.000 6.122 0.016 0.000E+00 4.040E-01 9.900E-01
  9 6.814E+06  0.844 3.777 2.467   6.97   0.01 0.000 6.116 0.011 0.000E+00 4.040E-01 9.900E-01
 10 7.194E+06  0.917 3.791 2.516   8.24   0.01 0.000 6.148 0.011 0.000E+00 4.040E-01 9.900E-01
 11 7.543E+06  0.982 3.805 2.542   9.53   0.06 0.000 0.000 0.000 0.000E+00 4.040E-01 9.900E-01
 12 7.797E+06  1.029 3.819 2.516  10.47   0.21 0.000 0.000 0.000 0.000E+00 4.040E-01 9.900E-01
 13 8.018E+06  1.065 3.834 2.447  11.02   0.59 0.000 0.000 0.000 0.000E+00 4.040E-01 9.900E-01
 14 8.177E+06  1.087 3.847 2.364  11.12   1.09 0.000 0.000 0.000 0.000E+00 4.040E-01 9.900E-01
 15 8.335E+06  1.105 3.860 2.273  10.83   1.90 0.002 0.000 0.000 0.000E+00 4.040E-01 9.900E-01
 16 8.494E+06  1.117 3.873 2.171   9.60   3.48 0.036 0.000 0.000 0.000E+00 4.040E-01 9.900E-01
 17 8.874E+06  1.079 3.887 1.948   2.13   9.85 0.166 0.000 0.000 0.000E+00 4.040E-01 9.900E-01
 18 9.444E+06  0.924 3.874 1.730  -0.43   8.82 0.193 0.000 0.000 0.000E+00 4.040E-01 9.900E-01
 19 1.039E+07  0.890 3.872 1.679   2.02   5.73 0.123 0.000 0.000 0.000E+00 4.040E-01 9.900E-01
 20 1.090E+07  0.940 3.885 1.676   3.67   5.04 0.087 0.000 0.000 0.000E+00 4.040E-01 9.900E-01
 21 1.122E+07  0.973 3.896 1.655   4.52   4.87 0.053 0.000 0.000 0.000E+00 4.040E-01 9.900E-01
 22 1.154E+07  1.001 3.906 1.632   4.34   5.67 0.033 0.000 0.000 0.000E+00 4.040E-01 9.900E-01
 23 1.223E+07  1.012 3.920 1.549   1.91   8.37 0.065 0.000 0.000 0.000E+00 4.040E-01 9.900E-01
 24 1.461E+07  0.951 3.917 1.464   0.06   8.87 0.107 0.000 0.000 0.000E+00 4.040E-01 9.900E-01


 STELLAR MODEL :  2.0 M , Z = 0.020

 NB    AGE     LOGL  LOGTE   R   LGRAV  LNUCL  MCORE LOGTB MENV     H2        Li6       LI7

  1 1.815E+05  0.905 3.693 3.896   7.94   0.09 0.000 6.525 0.888 0.000E+00 9.524E-01 9.997E-01
  2 7.345E+05  0.743 3.698 3.159   5.51   0.02 0.000 6.494 0.597 0.000E+00 9.057E-01 9.991E-01
  3 1.964E+06  0.647 3.714 2.628   4.40   0.03 0.000 6.441 0.280 0.000E+00 8.640E-01 9.986E-01
  4 2.788E+06  0.696 3.730 2.583   4.94   0.02 0.000 6.366 0.139 0.000E+00 8.624E-01 9.986E-01
  5 3.422E+06  0.805 3.746 2.720   6.34   0.04 0.000 6.217 0.049 0.000E+00 8.624E-01 9.986E-01
  6 3.849E+06  0.940 3.762 2.952   8.68   0.02 0.000 6.065 0.015 0.000E+00 8.624E-01 9.986E-01
  7 4.230E+06  1.050 3.778 3.112  11.21   0.01 0.000 6.086 0.011 0.000E+00 8.624E-01 9.986E-01
  8 4.562E+06  1.146 3.795 3.214  13.99   0.00 0.000 0.000 0.000 0.000E+00 8.624E-01 9.986E-01
  9 4.800E+06  1.216 3.814 3.192  16.44  -0.01 0.000 0.000 0.000 0.000E+00 8.624E-01 9.986E-01
 10 4.943E+06  1.258 3.830 3.112  18.09   0.01 0.000 0.000 0.000 0.000E+00 8.624E-01 9.986E-01
 11 5.085E+06  1.299 3.849 2.990  19.79   0.10 0.000 0.000 0.000 0.000E+00 8.624E-01 9.986E-01
 12 5.228E+06  1.338 3.870 2.839  21.34   0.43 0.000 0.000 0.000 0.000E+00 8.624E-01 9.986E-01
 13 5.323E+06  1.362 3.884 2.736  22.15   0.84 0.000 0.000 0.000 0.000E+00 8.624E-01 9.986E-01
 14 5.393E+06  1.379 3.894 2.665  22.54   1.37 0.000 0.000 0.000 0.000E+00 8.624E-01 9.986E-01
 15 5.462E+06  1.393 3.904 2.586  22.60   2.10 0.000 0.000 0.000 0.000E+00 8.624E-01 9.986E-01
 16 5.532E+06  1.405 3.914 2.504  22.16   3.23 0.003 0.000 0.000 0.000E+00 8.624E-01 9.986E-01
 17 5.671E+06  1.415 3.930 2.353  17.59   8.39 0.058 0.000 0.000 0.000E+00 8.624E-01 9.986E-01
 18 6.153E+06  1.252 3.931 1.942  -0.59  18.44 0.206 0.000 0.000 0.000E+00 8.624E-01 9.986E-01
 19 6.495E+06  1.169 3.921 1.848   1.66  13.09 0.158 0.000 0.000 0.000E+00 8.624E-01 9.986E-01
 20 6.704E+06  1.179 3.924 1.844   4.04  11.06 0.133 0.000 0.000 0.000E+00 8.624E-01 9.986E-01
 21 6.876E+06  1.207 3.931 1.844   6.21   9.88 0.113 0.000 0.000 0.000E+00 8.624E-01 9.986E-01
 22 7.018E+06  1.234 3.939 1.833   8.14   8.99 0.093 0.000 0.000 0.000E+00 8.624E-01 9.986E-01
 23 7.113E+06  1.254 3.944 1.833   9.47   8.46 0.076 0.000 0.000 0.000E+00 8.624E-01 9.986E-01
 24 7.208E+06  1.273 3.951 1.814  10.39   8.34 0.059 0.000 0.000 0.000E+00 8.624E-01 9.986E-01
 25 7.303E+06  1.291 3.957 1.802  10.65   8.88 0.049 0.000 0.000 0.000E+00 8.624E-01 9.986E-01
 26 7.398E+06  1.305 3.963 1.781  10.13  10.04 0.045 0.000 0.000 0.000E+00 8.624E-01 9.986E-01
 27 1.172E+07  1.240 3.972 1.586   0.00  17.36 0.143 0.000 0.000 0.000E+00 8.624E-01 9.986E-01


 STELLAR MODEL :  2.5 M , Z = 0.020

 NB    AGE     LOGL  LOGTE   R   LGRAV  LNUCL  MCORE LOGTB MENV     H2        Li6       LI7

  1 2.201E+05  0.922 3.708 3.708   7.85   0.50 0.000 6.560 0.713 0.000E+00 2.023E-01 9.770E-01
  2 1.114E+06  0.977 3.732 3.537   9.40   0.08 0.000 6.303 0.133 0.000E+00 1.968E-01 9.767E-01
  3 1.513E+06  1.121 3.749 3.860  13.07   0.13 0.000 6.069 0.026 0.000E+00 1.968E-01 9.767E-01
  4 1.770E+06  1.256 3.766 4.169  17.99   0.02 0.000 5.950 0.008 0.000E+00 1.968E-01 9.767E-01
  5 2.055E+06  1.390 3.790 4.356  24.55  -0.02 0.000 6.032 0.008 0.000E+00 1.968E-01 9.767E-01
  6 2.254E+06  1.492 3.818 4.306  31.05  -0.03 0.000 0.000 0.000 0.000E+00 1.968E-01 9.767E-01
  7 2.381E+06  1.560 3.847 4.074  36.28   0.00 0.000 0.000 0.000 0.000E+00 1.968E-01 9.767E-01
  8 2.483E+06  1.614 3.873 3.847  41.11  -0.04 0.000 0.000 0.000 0.000E+00 1.968E-01 9.767E-01
  9 2.584E+06  1.668 3.900 3.615  46.55  -0.04 0.000 0.000 0.000 0.000E+00 1.968E-01 9.767E-01
 10 2.685E+06  1.721 3.928 3.377  52.15   0.40 0.000 0.000 0.000 0.000E+00 1.968E-01 9.767E-01
 11 2.736E+06  1.745 3.942 3.255  54.68   0.86 0.000 0.000 0.000 0.000E+00 1.968E-01 9.767E-01
 12 2.780E+06  1.766 3.955 3.141  56.60   1.69 0.000 0.000 0.000 0.000E+00 1.968E-01 9.767E-01
 13 2.819E+06  1.781 3.966 3.038  57.63   2.70 0.000 0.000 0.000 0.000E+00 1.968E-01 9.767E-01
 14 2.857E+06  1.795 3.976 2.949  57.97   4.34 0.000 0.000 0.000 0.000E+00 1.968E-01 9.767E-01
 15 2.895E+06  1.806 3.986 2.852  56.97   6.94 0.002 0.000 0.000 0.000E+00 1.968E-01 9.767E-01
 16 3.047E+06  1.793 4.011 2.504  20.57  41.45 0.142 0.000 0.000 0.000E+00 1.968E-01 9.767E-01
 17 3.218E+06  1.657 4.003 2.221  -1.00  46.35 0.216 0.000 0.000 0.000E+00 1.968E-01 9.767E-01
 18 3.345E+06  1.584 3.994 2.129   2.52  35.82 0.185 0.000 0.000 0.000E+00 1.968E-01 9.767E-01
 19 3.446E+06  1.572 3.994 2.100   7.80  29.49 0.157 0.000 0.000 0.000E+00 1.968E-01 9.767E-01
 20 3.522E+06  1.585 3.997 2.102  12.72  25.71 0.137 0.000 0.000 0.000E+00 1.968E-01 9.767E-01
 21 3.598E+06  1.610 4.004 2.095  18.04  22.66 0.118 0.000 0.000 0.000E+00 1.968E-01 9.767E-01
 22 3.649E+06  1.629 4.010 2.083  21.96  20.56 0.103 0.000 0.000 0.000E+00 1.968E-01 9.767E-01
 23 3.699E+06  1.652 4.017 2.071  25.98  18.86 0.090 0.000 0.000 0.000E+00 1.968E-01 9.767E-01
 24 3.750E+06  1.672 4.023 2.061  28.72  18.22 0.071 0.000 0.000 0.000E+00 1.968E-01 9.767E-01
 25 3.801E+06  1.690 4.030 2.038  29.42  19.51 0.059 0.000 0.000 0.000E+00 1.968E-01 9.767E-01
 26 3.877E+06  1.711 4.039 2.003  26.27  25.09 0.062 0.000 0.000 0.000E+00 1.968E-01 9.767E-01
 27 4.631E+06  1.627 4.042 1.793   0.07  42.25 0.153 0.000 0.000 0.000E+00 1.968E-01 9.767E-01


 STELLAR MODEL :  3.0 M , Z = 0.020

 NB    AGE     LOGL  LOGTE   R   LGRAV  LNUCL  MCORE LOGTB MENV     H2        Li6       LI7

  1 2.568E+05  0.962 3.722 3.640   8.44   0.72 0.000 6.410 0.291 0.000E+00 7.200E-01 9.928E-01
  2 6.041E+05  1.276 3.746 4.678  18.44   0.43 0.000 6.049 0.028 0.000E+00 7.146E-01 9.926E-01
  3 7.816E+05  1.505 3.770 5.452  31.91   0.05 0.000 5.949 0.008 0.000E+00 7.146E-01 9.926E-01
  4 9.463E+05  1.629 3.794 5.630  42.46   0.06 0.000 0.000 0.000 0.000E+00 7.146E-01 9.926E-01
  5 1.048E+06  1.708 3.821 5.446  51.01  -0.01 0.000 0.000 0.000 0.000E+00 7.146E-01 9.926E-01
  6 1.115E+06  1.763 3.845 5.195  57.95  -0.07 0.000 0.000 0.000 0.000E+00 7.146E-01 9.926E-01
  7 1.185E+06  1.823 3.871 4.938  66.45   0.01 0.000 0.000 0.000 0.000E+00 7.146E-01 9.926E-01
  8 1.254E+06  1.883 3.900 4.630  76.46  -0.16 0.000 0.000 0.000 0.000E+00 7.146E-01 9.926E-01
  9 1.324E+06  1.944 3.929 4.346  87.82  -0.02 0.000 0.000 0.000 0.000E+00 7.146E-01 9.926E-01
 10 1.380E+06  1.992 3.955 4.074  98.08  -0.02 0.000 0.000 0.000 0.000E+00 7.146E-01 9.926E-01
 11 1.436E+06  2.038 3.981 3.811 108.60   0.42 0.000 0.000 0.000 0.000E+00 7.146E-01 9.926E-01
 12 1.491E+06  2.079 4.007 3.545 117.64   2.17 0.000 0.000 0.000 0.000E+00 7.146E-01 9.926E-01
 13 1.533E+06  2.106 4.026 3.350 121.85   5.64 0.000 0.000 0.000 0.000E+00 7.146E-01 9.926E-01
 14 1.561E+06  2.121 4.039 3.211 121.69  10.28 0.000 0.000 0.000 0.000E+00 7.146E-01 9.926E-01
 15 1.631E+06  2.130 4.063 2.905  84.39  50.33 0.080 0.000 0.000 0.000E+00 7.146E-01 9.926E-01
 16 1.872E+06  1.901 4.051 2.358  10.08  69.45 0.186 0.000 0.000 0.000E+00 7.146E-01 9.926E-01
 17 1.986E+06  1.922 4.060 2.318  34.86  48.61 0.137 0.000 0.000 0.000E+00 7.146E-01 9.926E-01
 18 2.049E+06  1.961 4.072 2.294  52.61  38.70 0.108 0.000 0.000 0.000E+00 7.146E-01 9.926E-01
 19 2.100E+06  1.994 4.083 2.265  62.96  35.55 0.079 0.000 0.000 0.000E+00 7.146E-01 9.926E-01
 20 2.280E+06  2.021 4.107 2.092  16.10  88.73 0.138 0.000 0.000 0.000E+00 7.146E-01 9.926E-01
 21 2.683E+06  1.937 4.097 1.989   0.44  85.96 0.171 0.000 0.000 0.000E+00 7.146E-01 9.926E-01


 STELLAR MODEL :  4.0 M , Z = 0.020

 NB    AGE     LOGL  LOGTE   R   LGRAV  LNUCL  MCORE LOGTB MENV     H2        Li6       LI7

  1 3.250E+05  1.240 3.760 4.208   9.80   7.56 0.000 6.063 0.019 1.351E+00 9.557E-01 1.000E+00
  2 3.393E+05  1.554 3.786 5.359  31.57   4.21 0.000 6.064 0.014 1.108E+00 9.557E-01 1.000E+00
  3 3.507E+05  1.813 3.818 6.231  62.60   2.34 0.000 0.000 0.000 8.826E-01 9.557E-01 1.000E+00
  4 3.678E+05  1.983 3.849 6.569  94.81   1.24 0.000 0.000 0.000 6.141E-01 9.557E-01 1.000E+00
  5 3.953E+05  2.117 3.880 6.645 130.19   0.57 0.000 0.000 0.000 2.866E-01 9.557E-01 1.000E+00
  6 4.296E+05  2.212 3.910 6.457 162.57   0.15 0.000 0.000 0.000 4.744E-02 9.557E-01 1.000E+00
  7 4.467E+05  2.252 3.924 6.339 178.41   0.00 0.000 0.000 0.000 9.032E-03 9.557E-01 1.000E+00
  8 4.581E+05  2.277 3.934 6.231 189.30  -0.31 0.000 0.000 0.000 1.619E-03 9.557E-01 1.000E+00
  9 4.670E+05  2.295 3.942 6.131 197.31  -0.34 0.000 0.000 0.000 0.000E+00 9.557E-01 1.000E+00
 10 5.018E+05  2.364 3.973 5.755 231.05  -0.17 0.000 0.000 0.000 0.000E+00 9.557E-01 1.000E+00
 11 5.367E+05  2.429 4.006 5.328 268.90  -0.75 0.000 0.000 0.000 0.000E+00 9.557E-01 1.000E+00
 12 5.699E+05  2.485 4.038 4.904 305.56  -0.51 0.000 0.000 0.000 0.000E+00 9.557E-01 1.000E+00
 13 6.032E+05  2.537 4.071 4.473 343.61   0.23 0.000 0.000 0.000 0.000E+00 9.557E-01 1.000E+00
 14 6.270E+05  2.568 4.094 4.169 364.33   4.94 0.000 0.000 0.000 0.000E+00 9.557E-01 1.000E+00
 15 6.412E+05  2.585 4.107 4.005 373.58  10.43 0.000 0.000 0.000 0.000E+00 9.557E-01 1.000E+00
 16 6.555E+05  2.600 4.121 3.820 375.82  21.68 0.000 0.000 0.000 0.000E+00 9.557E-01 1.000E+00
 17 6.935E+05  2.608 4.149 3.389 266.24 138.65 0.080 0.000 0.000 0.000E+00 9.557E-01 1.000E+00
 18 8.076E+05  2.389 4.139 2.758  29.42 215.14 0.212 0.000 0.000 0.000E+00 9.557E-01 1.000E+00
 19 8.694E+05  2.410 4.149 2.698 110.30 146.38 0.164 0.000 0.000 0.000E+00 9.557E-01 1.000E+00
 20 9.011E+05  2.445 4.161 2.658 160.95 117.26 0.128 0.000 0.000 0.000E+00 9.557E-01 1.000E+00
 21 9.264E+05  2.476 4.172 2.619 188.76 110.03 0.101 0.000 0.000 0.000E+00 9.557E-01 1.000E+00
 22 1.414E+06  2.411 4.181 2.331   0.22 257.05 0.208 0.000 0.000 0.000E+00 9.557E-01 1.000E+00


 STELLAR MODEL :  5.0 M , Z = 0.020

 NB    AGE     LOGL  LOGTE   R   LGRAV  LNUCL  MCORE LOGTB MENV     H2        Li6       LI7

  1 3.875E+05  2.787 4.064 6.159 609.95   1.41 0.000 0.000 0.000 7.788E-01 9.556E-01 1.000E+00
  2 4.056E+05  2.849 4.095 5.735 707.88  -2.73 0.000 0.000 0.000 1.336E-01 9.556E-01 1.000E+00
  3 4.144E+05  2.874 4.111 5.483 748.80  -1.88 0.000 0.000 0.000 1.524E-02 9.556E-01 1.000E+00
  4 4.189E+05  2.885 4.118 5.377 768.36  -2.30 0.000 0.000 0.000 2.443E-03 9.556E-01 1.000E+00
  5 4.233E+05  2.895 4.126 5.243 784.87  -0.96 0.000 0.000 0.000 0.000E+00 9.556E-01 1.000E+00
  6 4.407E+05  2.932 4.155 4.787 846.59   7.01 0.000 0.000 0.000 0.000E+00 9.556E-01 1.000E+00
  7 4.509E+05  2.949 4.171 4.535 865.20  22.47 0.000 0.000 0.000 0.000E+00 9.556E-01 1.000E+00
  8 4.604E+05  2.960 4.186 4.286 860.29  50.14 0.000 0.000 0.000 0.000E+00 9.556E-01 1.000E+00
  9 4.889E+05  2.950 4.216 3.690 439.30 450.41 0.131 0.000 0.000 0.000E+00 9.556E-01 1.000E+00
 10 5.111E+05  2.870 4.216 3.366  62.05 678.01 0.237 0.000 0.000 0.000E+00 9.556E-01 1.000E+00
 11 5.333E+05  2.786 4.207 3.185  19.46 590.48 0.254 0.000 0.000 0.000E+00 9.556E-01 1.000E+00
 12 5.650E+05  2.748 4.204 3.091 130.98 427.88 0.220 0.000 0.000 0.000E+00 9.556E-01 1.000E+00
 13 5.935E+05  2.778 4.215 3.042 285.45 313.36 0.172 0.000 0.000 0.000E+00 9.556E-01 1.000E+00
 14 6.093E+05  2.806 4.226 2.986 387.62 251.07 0.137 0.000 0.000 0.000E+00 9.556E-01 1.000E+00
 15 6.283E+05  2.837 4.239 2.915 412.52 273.41 0.117 0.000 0.000 0.000E+00 9.556E-01 1.000E+00
 16 7.994E+05  2.761 4.243 2.622  -3.79 579.63 0.222 0.000 0.000 0.000E+00 9.556E-01 1.000E+00
